record_id,metric,value,units,reference_year,release_year,estimate_period,geographic_unit,geographic_scale,node_id,source_product,observed_estimated_modeled,source_id,confidence,reality_status,canon_status,notes
OBS-POP-ZONE-39039-POP20,population_count,38286.0,persons,2020,2021,2020-04-01 enumeration,39039,county,POP-ZONE-39039,2020 Decennial Census P.L. 94-171 P1,observed,s11a_decennial_oh_pl,high,real,verified,Enumerated 2020 person count.
OBS-POP-ZONE-39039-HU20,housing_unit_count,16539.0,housing_units,2020,2021,2020-04-01 enumeration,39039,county,POP-ZONE-39039,2020 Decennial Census P.L. 94-171 H1/geography,observed,s11a_decennial_oh_pl,high,real,verified,Enumerated housing units; not households or occupied units.
OBS-POP-ZONE-39039-DENS20,population_density,92.43784564748213,persons_per_square_mile,2020,2021,2020-04-01 enumeration and 2020 geography,39039,county,POP-ZONE-39039,2020 Decennial Census P.L. 94-171 plus Census geography area,observed,s11a_tiger_counties,high,real,verified,Density is a derived ratio and is not a block-level observation.
OBS-POP-ZONE-39039-PEP20,population_estimate,38267.0,persons,2020,2025,July 1 annual estimate,39039,county,POP-ZONE-39039,2024 Vintage Population Estimates Program,estimated,s11a_pep_county_2024,high,real,verified,PEP estimate; distinct from 2020 Census enumeration.
OBS-POP-ZONE-39039-PEP24,population_estimate,38644.0,persons,2024,2025,July 1 annual estimate,39039,county,POP-ZONE-39039,2024 Vintage Population Estimates Program,estimated,s11a_pep_county_2024,high,real,verified,Latest available PEP point estimate in this package; not a 2026 Census observation.
OBS-POP-ZONE-39039-PEPCHG,population_change,377.0,persons,2020-2024,2025,July 1 annual estimates,39039,county,POP-ZONE-39039,2024 Vintage Population Estimates Program,estimated,s11a_pep_county_2024,high,real,verified,Difference between PEP estimates; not a causal migration finding.
OBS-POP-ZONE-39039-PEPCHGPCT,population_change_percent,0.9851830558967257,percent,2020-2024,2025,July 1 annual estimates,39039,county,POP-ZONE-39039,2024 Vintage Population Estimates Program,estimated,s11a_pep_county_2024,high,real,verified,Percentage change in PEP estimates; not a causal explanation.
OBS-POP-ZONE-39039-ACSP,population_count,38343.0,persons,2024,2025,2020-2024,39039,county,POP-ZONE-39039,ACS 2024 5-year detailed tables,estimated,s11a_acs_2024_5yr,high,real,verified,ACS estimate; not an enumerated 2026 count.
OBS-POP-ZONE-39039-HH,household_count,15327.0,households,2024,2025,2020-2024,39039,county,POP-ZONE-39039,ACS 2024 5-year detailed tables,estimated,s11a_acs_2024_5yr,high,real,verified,Households are not persons or housing units.
OBS-POP-ZONE-39039-HUACS,housing_unit_count,16565.0,housing_units,2024,2025,2020-2024,39039,county,POP-ZONE-39039,ACS 2024 5-year detailed tables,estimated,s11a_acs_2024_5yr,high,real,verified,ACS housing-unit estimate; distinct from 2020 enumeration.
OBS-POP-ZONE-39039-OCC,occupied_housing_units,15327.0,housing_units,2024,2025,2020-2024,39039,county,POP-ZONE-39039,ACS 2024 5-year detailed tables,estimated,s11a_acs_2024_5yr,high,real,verified,Occupied unit estimate; not a utility connection or household welfare measure.
OBS-POP-ZONE-39039-VAC,vacant_housing_units,1238.0,housing_units,2024,2025,2020-2024,39039,county,POP-ZONE-39039,ACS 2024 5-year detailed tables,estimated,s11a_acs_2024_5yr,high,real,verified,Vacancy is descriptive housing context; no reason for vacancy is inferred.
OBS-POP-ZONE-39039-VACSH,vacancy_rate,7.47358889224268,percent,2024,2025,2020-2024,39039,county,POP-ZONE-39039,ACS 2024 5-year detailed tables,estimated,s11a_acs_2024_5yr,high,real,verified,Vacancy rate is not a neighborhood-quality or vulnerability score.
OBS-POP-ZONE-39039-MEDAGE,median_age,41.1,years,2024,2025,2020-2024,39039,county,POP-ZONE-39039,ACS 2024 5-year detailed tables,estimated,s11a_acs_2024_5yr,moderate,real,verified,Descriptive aggregate age context only.
OBS-POP-ZONE-39039-UNDER18,age_under_18_share,22.496935555381686,percent,2024,2025,2020-2024,39039,county,POP-ZONE-39039,ACS 2024 5-year detailed tables,estimated,s11a_acs_2024_5yr,moderate,real,verified,Descriptive aggregate age structure; no vulnerability ranking.
OBS-POP-ZONE-39039-AGE65,age_65_plus_share,20.188821949247583,percent,2024,2025,2020-2024,39039,county,POP-ZONE-39039,ACS 2024 5-year detailed tables,estimated,s11a_acs_2024_5yr,moderate,real,verified,Descriptive aggregate age structure; no vulnerability ranking.
OBS-POP-ZONE-39039-HHSIZE,average_household_size,2.46,persons_per_household,2024,2025,2020-2024,39039,county,POP-ZONE-39039,ACS 2024 5-year detailed tables,estimated,s11a_acs_2024_5yr,moderate,real,verified,Aggregate household-size estimate; no household-level inference.
OBS-POP-ZONE-39039-HOUSAGE,median_year_structure_built,1968.0,year,2024,2025,2020-2024,39039,county,POP-ZONE-39039,ACS 2024 5-year detailed tables,estimated,s11a_acs_2024_5yr,moderate,real,verified,Descriptive housing-age context; not a condition or maintenance score.
OBS-POP-ZONE-39039-DRIVE_ALONE_SHARE,drive_alone_share,83.6591258510872,percent,2024,2025,2020-2024,39039,county,POP-ZONE-39039,ACS 2024 5-year B08301/B08303,estimated,s11b_acs_commute_2024,moderate,real,verified,Residence-based commuting estimate; commuting is not migration or individual movement.
OBS-POP-ZONE-39039-CARPOOL_SHARE,carpool_share,7.654293872172194,percent,2024,2025,2020-2024,39039,county,POP-ZONE-39039,ACS 2024 5-year B08301/B08303,estimated,s11b_acs_commute_2024,moderate,real,verified,Residence-based commuting estimate; commuting is not migration or individual movement.
OBS-POP-ZONE-39039-PUBLIC_TRANSIT_SHARE,public_transit_share,0.0,percent,2024,2025,2020-2024,39039,county,POP-ZONE-39039,ACS 2024 5-year B08301/B08303,estimated,s11b_acs_commute_2024,moderate,real,verified,Residence-based commuting estimate; commuting is not migration or individual movement.
OBS-POP-ZONE-39039-WALK_SHARE,walk_share,1.4056665934548649,percent,2024,2025,2020-2024,39039,county,POP-ZONE-39039,ACS 2024 5-year B08301/B08303,estimated,s11b_acs_commute_2024,moderate,real,verified,Residence-based commuting estimate; commuting is not migration or individual movement.
OBS-POP-ZONE-39039-WORK_FROM_HOME_SHARE,work_from_home_share,5.968592137052493,percent,2024,2025,2020-2024,39039,county,POP-ZONE-39039,ACS 2024 5-year B08301/B08303,estimated,s11b_acs_commute_2024,moderate,real,verified,Residence-based commuting estimate; commuting is not migration or individual movement.
OBS-POP-ZONE-39039-COMMUTE_45_PLUS_SHARE,commute_45_plus_share,7.877372262773723,percent,2024,2025,2020-2024,39039,county,POP-ZONE-39039,ACS 2024 5-year B08301/B08303,estimated,s11b_acs_commute_2024,moderate,real,verified,Residence-based commuting estimate; commuting is not migration or individual movement.
OBS-POP-ZONE-39051-POP20,population_count,42713.0,persons,2020,2021,2020-04-01 enumeration,39051,county,POP-ZONE-39051,2020 Decennial Census P.L. 94-171 P1,observed,s11a_decennial_oh_pl,high,real,verified,Enumerated 2020 person count.
OBS-POP-ZONE-39051-HU20,housing_unit_count,17689.0,housing_units,2020,2021,2020-04-01 enumeration,39051,county,POP-ZONE-39051,2020 Decennial Census P.L. 94-171 H1/geography,observed,s11a_decennial_oh_pl,high,real,verified,Enumerated housing units; not households or occupied units.
OBS-POP-ZONE-39051-DENS20,population_density,104.88979875680816,persons_per_square_mile,2020,2021,2020-04-01 enumeration and 2020 geography,39051,county,POP-ZONE-39051,2020 Decennial Census P.L. 94-171 plus Census geography area,observed,s11a_tiger_counties,high,real,verified,Density is a derived ratio and is not a block-level observation.
OBS-POP-ZONE-39051-PEP20,population_estimate,42640.0,persons,2020,2025,July 1 annual estimate,39051,county,POP-ZONE-39051,2024 Vintage Population Estimates Program,estimated,s11a_pep_county_2024,high,real,verified,PEP estimate; distinct from 2020 Census enumeration.
OBS-POP-ZONE-39051-PEP24,population_estimate,42028.0,persons,2024,2025,July 1 annual estimate,39051,county,POP-ZONE-39051,2024 Vintage Population Estimates Program,estimated,s11a_pep_county_2024,high,real,verified,Latest available PEP point estimate in this package; not a 2026 Census observation.
OBS-POP-ZONE-39051-PEPCHG,population_change,-612.0,persons,2020-2024,2025,July 1 annual estimates,39051,county,POP-ZONE-39051,2024 Vintage Population Estimates Program,estimated,s11a_pep_county_2024,high,real,verified,Difference between PEP estimates; not a causal migration finding.
OBS-POP-ZONE-39051-PEPCHGPCT,population_change_percent,-1.4352720450281427,percent,2020-2024,2025,July 1 annual estimates,39051,county,POP-ZONE-39051,2024 Vintage Population Estimates Program,estimated,s11a_pep_county_2024,high,real,verified,Percentage change in PEP estimates; not a causal explanation.
OBS-POP-ZONE-39051-ACSP,population_count,42240.0,persons,2024,2025,2020-2024,39051,county,POP-ZONE-39051,ACS 2024 5-year detailed tables,estimated,s11a_acs_2024_5yr,high,real,verified,ACS estimate; not an enumerated 2026 count.
OBS-POP-ZONE-39051-HH,household_count,16986.0,households,2024,2025,2020-2024,39051,county,POP-ZONE-39051,ACS 2024 5-year detailed tables,estimated,s11a_acs_2024_5yr,high,real,verified,Households are not persons or housing units.
OBS-POP-ZONE-39051-HUACS,housing_unit_count,17739.0,housing_units,2024,2025,2020-2024,39051,county,POP-ZONE-39051,ACS 2024 5-year detailed tables,estimated,s11a_acs_2024_5yr,high,real,verified,ACS housing-unit estimate; distinct from 2020 enumeration.
OBS-POP-ZONE-39051-OCC,occupied_housing_units,16986.0,housing_units,2024,2025,2020-2024,39051,county,POP-ZONE-39051,ACS 2024 5-year detailed tables,estimated,s11a_acs_2024_5yr,high,real,verified,Occupied unit estimate; not a utility connection or household welfare measure.
OBS-POP-ZONE-39051-VAC,vacant_housing_units,753.0,housing_units,2024,2025,2020-2024,39051,county,POP-ZONE-39051,ACS 2024 5-year detailed tables,estimated,s11a_acs_2024_5yr,high,real,verified,Vacancy is descriptive housing context; no reason for vacancy is inferred.
OBS-POP-ZONE-39051-VACSH,vacancy_rate,4.244884153559952,percent,2024,2025,2020-2024,39051,county,POP-ZONE-39051,ACS 2024 5-year detailed tables,estimated,s11a_acs_2024_5yr,high,real,verified,Vacancy rate is not a neighborhood-quality or vulnerability score.
OBS-POP-ZONE-39051-MEDAGE,median_age,41.5,years,2024,2025,2020-2024,39051,county,POP-ZONE-39051,ACS 2024 5-year detailed tables,estimated,s11a_acs_2024_5yr,moderate,real,verified,Descriptive aggregate age context only.
OBS-POP-ZONE-39051-UNDER18,age_under_18_share,23.082386363636363,percent,2024,2025,2020-2024,39051,county,POP-ZONE-39051,ACS 2024 5-year detailed tables,estimated,s11a_acs_2024_5yr,moderate,real,verified,Descriptive aggregate age structure; no vulnerability ranking.
OBS-POP-ZONE-39051-AGE65,age_65_plus_share,19.434185606060606,percent,2024,2025,2020-2024,39051,county,POP-ZONE-39051,ACS 2024 5-year detailed tables,estimated,s11a_acs_2024_5yr,moderate,real,verified,Descriptive aggregate age structure; no vulnerability ranking.
OBS-POP-ZONE-39051-HHSIZE,average_household_size,2.46,persons_per_household,2024,2025,2020-2024,39051,county,POP-ZONE-39051,ACS 2024 5-year detailed tables,estimated,s11a_acs_2024_5yr,moderate,real,verified,Aggregate household-size estimate; no household-level inference.
OBS-POP-ZONE-39051-HOUSAGE,median_year_structure_built,1971.0,year,2024,2025,2020-2024,39051,county,POP-ZONE-39051,ACS 2024 5-year detailed tables,estimated,s11a_acs_2024_5yr,moderate,real,verified,Descriptive housing-age context; not a condition or maintenance score.
OBS-POP-ZONE-39051-DRIVE_ALONE_SHARE,drive_alone_share,87.44156291521087,percent,2024,2025,2020-2024,39051,county,POP-ZONE-39051,ACS 2024 5-year B08301/B08303,estimated,s11b_acs_commute_2024,moderate,real,verified,Residence-based commuting estimate; commuting is not migration or individual movement.
OBS-POP-ZONE-39051-CARPOOL_SHARE,carpool_share,4.4535209881403475,percent,2024,2025,2020-2024,39051,county,POP-ZONE-39051,ACS 2024 5-year B08301/B08303,estimated,s11b_acs_commute_2024,moderate,real,verified,Residence-based commuting estimate; commuting is not migration or individual movement.
OBS-POP-ZONE-39051-PUBLIC_TRANSIT_SHARE,public_transit_share,0.44781260764726144,percent,2024,2025,2020-2024,39051,county,POP-ZONE-39051,ACS 2024 5-year B08301/B08303,estimated,s11b_acs_commute_2024,moderate,real,verified,Residence-based commuting estimate; commuting is not migration or individual movement.
OBS-POP-ZONE-39051-WALK_SHARE,walk_share,1.7321982185916047,percent,2024,2025,2020-2024,39051,county,POP-ZONE-39051,ACS 2024 5-year B08301/B08303,estimated,s11b_acs_commute_2024,moderate,real,verified,Residence-based commuting estimate; commuting is not migration or individual movement.
OBS-POP-ZONE-39051-WORK_FROM_HOME_SHARE,work_from_home_share,5.2802519561045225,percent,2024,2025,2020-2024,39051,county,POP-ZONE-39051,ACS 2024 5-year B08301/B08303,estimated,s11b_acs_commute_2024,moderate,real,verified,Residence-based commuting estimate; commuting is not migration or individual movement.
OBS-POP-ZONE-39051-COMMUTE_45_PLUS_SHARE,commute_45_plus_share,14.224854530340814,percent,2024,2025,2020-2024,39051,county,POP-ZONE-39051,ACS 2024 5-year B08301/B08303,estimated,s11b_acs_commute_2024,moderate,real,verified,Residence-based commuting estimate; commuting is not migration or individual movement.
OBS-POP-ZONE-39063-POP20,population_count,74920.0,persons,2020,2021,2020-04-01 enumeration,39063,county,POP-ZONE-39063,2020 Decennial Census P.L. 94-171 P1,observed,s11a_decennial_oh_pl,high,real,verified,Enumerated 2020 person count.
OBS-POP-ZONE-39063-HU20,housing_unit_count,33655.0,housing_units,2020,2021,2020-04-01 enumeration,39063,county,POP-ZONE-39063,2020 Decennial Census P.L. 94-171 H1/geography,observed,s11a_decennial_oh_pl,high,real,verified,Enumerated housing units; not households or occupied units.
OBS-POP-ZONE-39063-DENS20,population_density,140.39172863532463,persons_per_square_mile,2020,2021,2020-04-01 enumeration and 2020 geography,39063,county,POP-ZONE-39063,2020 Decennial Census P.L. 94-171 plus Census geography area,observed,s11a_tiger_counties,high,real,verified,Density is a derived ratio and is not a block-level observation.
OBS-POP-ZONE-39063-PEP20,population_estimate,74919.0,persons,2020,2025,July 1 annual estimate,39063,county,POP-ZONE-39063,2024 Vintage Population Estimates Program,estimated,s11a_pep_county_2024,high,real,verified,PEP estimate; distinct from 2020 Census enumeration.
OBS-POP-ZONE-39063-PEP24,population_estimate,75016.0,persons,2024,2025,July 1 annual estimate,39063,county,POP-ZONE-39063,2024 Vintage Population Estimates Program,estimated,s11a_pep_county_2024,high,real,verified,Latest available PEP point estimate in this package; not a 2026 Census observation.
OBS-POP-ZONE-39063-PEPCHG,population_change,97.0,persons,2020-2024,2025,July 1 annual estimates,39063,county,POP-ZONE-39063,2024 Vintage Population Estimates Program,estimated,s11a_pep_county_2024,high,real,verified,Difference between PEP estimates; not a causal migration finding.
OBS-POP-ZONE-39063-PEPCHGPCT,population_change_percent,0.12947316435083223,percent,2020-2024,2025,July 1 annual estimates,39063,county,POP-ZONE-39063,2024 Vintage Population Estimates Program,estimated,s11a_pep_county_2024,high,real,verified,Percentage change in PEP estimates; not a causal explanation.
OBS-POP-ZONE-39063-ACSP,population_count,74866.0,persons,2024,2025,2020-2024,39063,county,POP-ZONE-39063,ACS 2024 5-year detailed tables,estimated,s11a_acs_2024_5yr,high,real,verified,ACS estimate; not an enumerated 2026 count.
OBS-POP-ZONE-39063-HH,household_count,31615.0,households,2024,2025,2020-2024,39063,county,POP-ZONE-39063,ACS 2024 5-year detailed tables,estimated,s11a_acs_2024_5yr,high,real,verified,Households are not persons or housing units.
OBS-POP-ZONE-39063-HUACS,housing_unit_count,33920.0,housing_units,2024,2025,2020-2024,39063,county,POP-ZONE-39063,ACS 2024 5-year detailed tables,estimated,s11a_acs_2024_5yr,high,real,verified,ACS housing-unit estimate; distinct from 2020 enumeration.
OBS-POP-ZONE-39063-OCC,occupied_housing_units,31615.0,housing_units,2024,2025,2020-2024,39063,county,POP-ZONE-39063,ACS 2024 5-year detailed tables,estimated,s11a_acs_2024_5yr,high,real,verified,Occupied unit estimate; not a utility connection or household welfare measure.
OBS-POP-ZONE-39063-VAC,vacant_housing_units,2305.0,housing_units,2024,2025,2020-2024,39063,county,POP-ZONE-39063,ACS 2024 5-year detailed tables,estimated,s11a_acs_2024_5yr,high,real,verified,Vacancy is descriptive housing context; no reason for vacancy is inferred.
OBS-POP-ZONE-39063-VACSH,vacancy_rate,6.795400943396227,percent,2024,2025,2020-2024,39063,county,POP-ZONE-39063,ACS 2024 5-year detailed tables,estimated,s11a_acs_2024_5yr,high,real,verified,Vacancy rate is not a neighborhood-quality or vulnerability score.
OBS-POP-ZONE-39063-MEDAGE,median_age,39.5,years,2024,2025,2020-2024,39063,county,POP-ZONE-39063,ACS 2024 5-year detailed tables,estimated,s11a_acs_2024_5yr,moderate,real,verified,Descriptive aggregate age context only.
OBS-POP-ZONE-39063-UNDER18,age_under_18_share,21.776240215852322,percent,2024,2025,2020-2024,39063,county,POP-ZONE-39063,ACS 2024 5-year detailed tables,estimated,s11a_acs_2024_5yr,moderate,real,verified,Descriptive aggregate age structure; no vulnerability ranking.
OBS-POP-ZONE-39063-AGE65,age_65_plus_share,18.6466486789731,percent,2024,2025,2020-2024,39063,county,POP-ZONE-39063,ACS 2024 5-year detailed tables,estimated,s11a_acs_2024_5yr,moderate,real,verified,Descriptive aggregate age structure; no vulnerability ranking.
OBS-POP-ZONE-39063-HHSIZE,average_household_size,2.31,persons_per_household,2024,2025,2020-2024,39063,county,POP-ZONE-39063,ACS 2024 5-year detailed tables,estimated,s11a_acs_2024_5yr,moderate,real,verified,Aggregate household-size estimate; no household-level inference.
OBS-POP-ZONE-39063-HOUSAGE,median_year_structure_built,1973.0,year,2024,2025,2020-2024,39063,county,POP-ZONE-39063,ACS 2024 5-year detailed tables,estimated,s11a_acs_2024_5yr,moderate,real,verified,Descriptive housing-age context; not a condition or maintenance score.
OBS-POP-ZONE-39063-DRIVE_ALONE_SHARE,drive_alone_share,78.62826828344069,percent,2024,2025,2020-2024,39063,county,POP-ZONE-39063,ACS 2024 5-year B08301/B08303,estimated,s11b_acs_commute_2024,moderate,real,verified,Residence-based commuting estimate; commuting is not migration or individual movement.
OBS-POP-ZONE-39063-CARPOOL_SHARE,carpool_share,8.147025388404698,percent,2024,2025,2020-2024,39063,county,POP-ZONE-39063,ACS 2024 5-year B08301/B08303,estimated,s11b_acs_commute_2024,moderate,real,verified,Residence-based commuting estimate; commuting is not migration or individual movement.
OBS-POP-ZONE-39063-PUBLIC_TRANSIT_SHARE,public_transit_share,0.07849293563579278,percent,2024,2025,2020-2024,39063,county,POP-ZONE-39063,ACS 2024 5-year B08301/B08303,estimated,s11b_acs_commute_2024,moderate,real,verified,Residence-based commuting estimate; commuting is not migration or individual movement.
OBS-POP-ZONE-39063-WALK_SHARE,walk_share,1.951496779082986,percent,2024,2025,2020-2024,39063,county,POP-ZONE-39063,ACS 2024 5-year B08301/B08303,estimated,s11b_acs_commute_2024,moderate,real,verified,Residence-based commuting estimate; commuting is not migration or individual movement.
OBS-POP-ZONE-39063-WORK_FROM_HOME_SHARE,work_from_home_share,9.695230877496886,percent,2024,2025,2020-2024,39063,county,POP-ZONE-39063,ACS 2024 5-year B08301/B08303,estimated,s11b_acs_commute_2024,moderate,real,verified,Residence-based commuting estimate; commuting is not migration or individual movement.
OBS-POP-ZONE-39063-COMMUTE_45_PLUS_SHARE,commute_45_plus_share,7.571034648123725,percent,2024,2025,2020-2024,39063,county,POP-ZONE-39063,ACS 2024 5-year B08301/B08303,estimated,s11b_acs_commute_2024,moderate,real,verified,Residence-based commuting estimate; commuting is not migration or individual movement.
OBS-POP-ZONE-39069-POP20,population_count,27662.0,persons,2020,2021,2020-04-01 enumeration,39069,county,POP-ZONE-39069,2020 Decennial Census P.L. 94-171 P1,observed,s11a_decennial_oh_pl,high,real,verified,Enumerated 2020 person count.
OBS-POP-ZONE-39069-HU20,housing_unit_count,12036.0,housing_units,2020,2021,2020-04-01 enumeration,39069,county,POP-ZONE-39069,2020 Decennial Census P.L. 94-171 H1/geography,observed,s11a_decennial_oh_pl,high,real,verified,Enumerated housing units; not households or occupied units.
OBS-POP-ZONE-39069-DENS20,population_density,65.90103562339692,persons_per_square_mile,2020,2021,2020-04-01 enumeration and 2020 geography,39069,county,POP-ZONE-39069,2020 Decennial Census P.L. 94-171 plus Census geography area,observed,s11a_tiger_counties,high,real,verified,Density is a derived ratio and is not a block-level observation.
OBS-POP-ZONE-39069-PEP20,population_estimate,27672.0,persons,2020,2025,July 1 annual estimate,39069,county,POP-ZONE-39069,2024 Vintage Population Estimates Program,estimated,s11a_pep_county_2024,high,real,verified,PEP estimate; distinct from 2020 Census enumeration.
OBS-POP-ZONE-39069-PEP24,population_estimate,27536.0,persons,2024,2025,July 1 annual estimate,39069,county,POP-ZONE-39069,2024 Vintage Population Estimates Program,estimated,s11a_pep_county_2024,high,real,verified,Latest available PEP point estimate in this package; not a 2026 Census observation.
OBS-POP-ZONE-39069-PEPCHG,population_change,-136.0,persons,2020-2024,2025,July 1 annual estimates,39069,county,POP-ZONE-39069,2024 Vintage Population Estimates Program,estimated,s11a_pep_county_2024,high,real,verified,Difference between PEP estimates; not a causal migration finding.
OBS-POP-ZONE-39069-PEPCHGPCT,population_change_percent,-0.4914715235617231,percent,2020-2024,2025,July 1 annual estimates,39069,county,POP-ZONE-39069,2024 Vintage Population Estimates Program,estimated,s11a_pep_county_2024,high,real,verified,Percentage change in PEP estimates; not a causal explanation.
OBS-POP-ZONE-39069-ACSP,population_count,27567.0,persons,2024,2025,2020-2024,39069,county,POP-ZONE-39069,ACS 2024 5-year detailed tables,estimated,s11a_acs_2024_5yr,high,real,verified,ACS estimate; not an enumerated 2026 count.
OBS-POP-ZONE-39069-HH,household_count,11451.0,households,2024,2025,2020-2024,39069,county,POP-ZONE-39069,ACS 2024 5-year detailed tables,estimated,s11a_acs_2024_5yr,high,real,verified,Households are not persons or housing units.
OBS-POP-ZONE-39069-HUACS,housing_unit_count,12096.0,housing_units,2024,2025,2020-2024,39069,county,POP-ZONE-39069,ACS 2024 5-year detailed tables,estimated,s11a_acs_2024_5yr,high,real,verified,ACS housing-unit estimate; distinct from 2020 enumeration.
OBS-POP-ZONE-39069-OCC,occupied_housing_units,11451.0,housing_units,2024,2025,2020-2024,39069,county,POP-ZONE-39069,ACS 2024 5-year detailed tables,estimated,s11a_acs_2024_5yr,high,real,verified,Occupied unit estimate; not a utility connection or household welfare measure.
OBS-POP-ZONE-39069-VAC,vacant_housing_units,645.0,housing_units,2024,2025,2020-2024,39069,county,POP-ZONE-39069,ACS 2024 5-year detailed tables,estimated,s11a_acs_2024_5yr,high,real,verified,Vacancy is descriptive housing context; no reason for vacancy is inferred.
OBS-POP-ZONE-39069-VACSH,vacancy_rate,5.33234126984127,percent,2024,2025,2020-2024,39069,county,POP-ZONE-39069,ACS 2024 5-year detailed tables,estimated,s11a_acs_2024_5yr,high,real,verified,Vacancy rate is not a neighborhood-quality or vulnerability score.
OBS-POP-ZONE-39069-MEDAGE,median_age,41.6,years,2024,2025,2020-2024,39069,county,POP-ZONE-39069,ACS 2024 5-year detailed tables,estimated,s11a_acs_2024_5yr,moderate,real,verified,Descriptive aggregate age context only.
OBS-POP-ZONE-39069-UNDER18,age_under_18_share,23.33224507563391,percent,2024,2025,2020-2024,39069,county,POP-ZONE-39069,ACS 2024 5-year detailed tables,estimated,s11a_acs_2024_5yr,moderate,real,verified,Descriptive aggregate age structure; no vulnerability ranking.
OBS-POP-ZONE-39069-AGE65,age_65_plus_share,19.922370950774475,percent,2024,2025,2020-2024,39069,county,POP-ZONE-39069,ACS 2024 5-year detailed tables,estimated,s11a_acs_2024_5yr,moderate,real,verified,Descriptive aggregate age structure; no vulnerability ranking.
OBS-POP-ZONE-39069-HHSIZE,average_household_size,2.37,persons_per_household,2024,2025,2020-2024,39069,county,POP-ZONE-39069,ACS 2024 5-year detailed tables,estimated,s11a_acs_2024_5yr,moderate,real,verified,Aggregate household-size estimate; no household-level inference.
OBS-POP-ZONE-39069-HOUSAGE,median_year_structure_built,1964.0,year,2024,2025,2020-2024,39069,county,POP-ZONE-39069,ACS 2024 5-year detailed tables,estimated,s11a_acs_2024_5yr,moderate,real,verified,Descriptive housing-age context; not a condition or maintenance score.
OBS-POP-ZONE-39069-DRIVE_ALONE_SHARE,drive_alone_share,85.17629407351838,percent,2024,2025,2020-2024,39069,county,POP-ZONE-39069,ACS 2024 5-year B08301/B08303,estimated,s11b_acs_commute_2024,moderate,real,verified,Residence-based commuting estimate; commuting is not migration or individual movement.
OBS-POP-ZONE-39069-CARPOOL_SHARE,carpool_share,7.22430607651913,percent,2024,2025,2020-2024,39069,county,POP-ZONE-39069,ACS 2024 5-year B08301/B08303,estimated,s11b_acs_commute_2024,moderate,real,verified,Residence-based commuting estimate; commuting is not migration or individual movement.
OBS-POP-ZONE-39069-PUBLIC_TRANSIT_SHARE,public_transit_share,0.18004501125281322,percent,2024,2025,2020-2024,39069,county,POP-ZONE-39069,ACS 2024 5-year B08301/B08303,estimated,s11b_acs_commute_2024,moderate,real,verified,Residence-based commuting estimate; commuting is not migration or individual movement.
OBS-POP-ZONE-39069-WALK_SHARE,walk_share,0.9452363090772693,percent,2024,2025,2020-2024,39069,county,POP-ZONE-39069,ACS 2024 5-year B08301/B08303,estimated,s11b_acs_commute_2024,moderate,real,verified,Residence-based commuting estimate; commuting is not migration or individual movement.
OBS-POP-ZONE-39069-WORK_FROM_HOME_SHARE,work_from_home_share,5.791447861965492,percent,2024,2025,2020-2024,39069,county,POP-ZONE-39069,ACS 2024 5-year B08301/B08303,estimated,s11b_acs_commute_2024,moderate,real,verified,Residence-based commuting estimate; commuting is not migration or individual movement.
OBS-POP-ZONE-39069-COMMUTE_45_PLUS_SHARE,commute_45_plus_share,12.517916865742954,percent,2024,2025,2020-2024,39069,county,POP-ZONE-39069,ACS 2024 5-year B08301/B08303,estimated,s11b_acs_commute_2024,moderate,real,verified,Residence-based commuting estimate; commuting is not migration or individual movement.
OBS-POP-ZONE-39095-POP20,population_count,431279.0,persons,2020,2021,2020-04-01 enumeration,39095,county,POP-ZONE-39095,2020 Decennial Census P.L. 94-171 P1,observed,s11a_decennial_oh_pl,high,real,verified,Enumerated 2020 person count.
OBS-POP-ZONE-39095-HU20,housing_unit_count,200147.0,housing_units,2020,2021,2020-04-01 enumeration,39095,county,POP-ZONE-39095,2020 Decennial Census P.L. 94-171 H1/geography,observed,s11a_decennial_oh_pl,high,real,verified,Enumerated housing units; not households or occupied units.
OBS-POP-ZONE-39095-DENS20,population_density,723.8202450011115,persons_per_square_mile,2020,2021,2020-04-01 enumeration and 2020 geography,39095,county,POP-ZONE-39095,2020 Decennial Census P.L. 94-171 plus Census geography area,observed,s11a_tiger_counties,high,real,verified,Density is a derived ratio and is not a block-level observation.
OBS-POP-ZONE-39095-PEP20,population_estimate,430870.0,persons,2020,2025,July 1 annual estimate,39095,county,POP-ZONE-39095,2024 Vintage Population Estimates Program,estimated,s11a_pep_county_2024,high,real,verified,PEP estimate; distinct from 2020 Census enumeration.
OBS-POP-ZONE-39095-PEP24,population_estimate,426291.0,persons,2024,2025,July 1 annual estimate,39095,county,POP-ZONE-39095,2024 Vintage Population Estimates Program,estimated,s11a_pep_county_2024,high,real,verified,Latest available PEP point estimate in this package; not a 2026 Census observation.
OBS-POP-ZONE-39095-PEPCHG,population_change,-4579.0,persons,2020-2024,2025,July 1 annual estimates,39095,county,POP-ZONE-39095,2024 Vintage Population Estimates Program,estimated,s11a_pep_county_2024,high,real,verified,Difference between PEP estimates; not a causal migration finding.
OBS-POP-ZONE-39095-PEPCHGPCT,population_change_percent,-1.0627335391185277,percent,2020-2024,2025,July 1 annual estimates,39095,county,POP-ZONE-39095,2024 Vintage Population Estimates Program,estimated,s11a_pep_county_2024,high,real,verified,Percentage change in PEP estimates; not a causal explanation.
OBS-POP-ZONE-39095-ACSP,population_count,428018.0,persons,2024,2025,2020-2024,39095,county,POP-ZONE-39095,ACS 2024 5-year detailed tables,estimated,s11a_acs_2024_5yr,high,real,verified,ACS estimate; not an enumerated 2026 count.
OBS-POP-ZONE-39095-HH,household_count,183243.0,households,2024,2025,2020-2024,39095,county,POP-ZONE-39095,ACS 2024 5-year detailed tables,estimated,s11a_acs_2024_5yr,high,real,verified,Households are not persons or housing units.
OBS-POP-ZONE-39095-HUACS,housing_unit_count,200998.0,housing_units,2024,2025,2020-2024,39095,county,POP-ZONE-39095,ACS 2024 5-year detailed tables,estimated,s11a_acs_2024_5yr,high,real,verified,ACS housing-unit estimate; distinct from 2020 enumeration.
OBS-POP-ZONE-39095-OCC,occupied_housing_units,183243.0,housing_units,2024,2025,2020-2024,39095,county,POP-ZONE-39095,ACS 2024 5-year detailed tables,estimated,s11a_acs_2024_5yr,high,real,verified,Occupied unit estimate; not a utility connection or household welfare measure.
OBS-POP-ZONE-39095-VAC,vacant_housing_units,17755.0,housing_units,2024,2025,2020-2024,39095,county,POP-ZONE-39095,ACS 2024 5-year detailed tables,estimated,s11a_acs_2024_5yr,high,real,verified,Vacancy is descriptive housing context; no reason for vacancy is inferred.
OBS-POP-ZONE-39095-VACSH,vacancy_rate,8.83342122807192,percent,2024,2025,2020-2024,39095,county,POP-ZONE-39095,ACS 2024 5-year detailed tables,estimated,s11a_acs_2024_5yr,high,real,verified,Vacancy rate is not a neighborhood-quality or vulnerability score.
OBS-POP-ZONE-39095-MEDAGE,median_age,38.5,years,2024,2025,2020-2024,39095,county,POP-ZONE-39095,ACS 2024 5-year detailed tables,estimated,s11a_acs_2024_5yr,moderate,real,verified,Descriptive aggregate age context only.
OBS-POP-ZONE-39095-UNDER18,age_under_18_share,22.78151853426725,percent,2024,2025,2020-2024,39095,county,POP-ZONE-39095,ACS 2024 5-year detailed tables,estimated,s11a_acs_2024_5yr,moderate,real,verified,Descriptive aggregate age structure; no vulnerability ranking.
OBS-POP-ZONE-39095-AGE65,age_65_plus_share,17.571457275161325,percent,2024,2025,2020-2024,39095,county,POP-ZONE-39095,ACS 2024 5-year detailed tables,estimated,s11a_acs_2024_5yr,moderate,real,verified,Descriptive aggregate age structure; no vulnerability ranking.
OBS-POP-ZONE-39095-HHSIZE,average_household_size,2.29,persons_per_household,2024,2025,2020-2024,39095,county,POP-ZONE-39095,ACS 2024 5-year detailed tables,estimated,s11a_acs_2024_5yr,moderate,real,verified,Aggregate household-size estimate; no household-level inference.
OBS-POP-ZONE-39095-HOUSAGE,median_year_structure_built,1963.0,year,2024,2025,2020-2024,39095,county,POP-ZONE-39095,ACS 2024 5-year detailed tables,estimated,s11a_acs_2024_5yr,moderate,real,verified,Descriptive housing-age context; not a condition or maintenance score.
OBS-POP-ZONE-39095-DRIVE_ALONE_SHARE,drive_alone_share,78.61749788241538,percent,2024,2025,2020-2024,39095,county,POP-ZONE-39095,ACS 2024 5-year B08301/B08303,estimated,s11b_acs_commute_2024,moderate,real,verified,Residence-based commuting estimate; commuting is not migration or individual movement.
OBS-POP-ZONE-39095-CARPOOL_SHARE,carpool_share,8.948963659186235,percent,2024,2025,2020-2024,39095,county,POP-ZONE-39095,ACS 2024 5-year B08301/B08303,estimated,s11b_acs_commute_2024,moderate,real,verified,Residence-based commuting estimate; commuting is not migration or individual movement.
OBS-POP-ZONE-39095-PUBLIC_TRANSIT_SHARE,public_transit_share,0.7837614426109052,percent,2024,2025,2020-2024,39095,county,POP-ZONE-39095,ACS 2024 5-year B08301/B08303,estimated,s11b_acs_commute_2024,moderate,real,verified,Residence-based commuting estimate; commuting is not migration or individual movement.
OBS-POP-ZONE-39095-WALK_SHARE,walk_share,1.5522150445458163,percent,2024,2025,2020-2024,39095,county,POP-ZONE-39095,ACS 2024 5-year B08301/B08303,estimated,s11b_acs_commute_2024,moderate,real,verified,Residence-based commuting estimate; commuting is not migration or individual movement.
OBS-POP-ZONE-39095-WORK_FROM_HOME_SHARE,work_from_home_share,8.899468307667187,percent,2024,2025,2020-2024,39095,county,POP-ZONE-39095,ACS 2024 5-year B08301/B08303,estimated,s11b_acs_commute_2024,moderate,real,verified,Residence-based commuting estimate; commuting is not migration or individual movement.
OBS-POP-ZONE-39095-COMMUTE_45_PLUS_SHARE,commute_45_plus_share,6.877005886734963,percent,2024,2025,2020-2024,39095,county,POP-ZONE-39095,ACS 2024 5-year B08301/B08303,estimated,s11b_acs_commute_2024,moderate,real,verified,Residence-based commuting estimate; commuting is not migration or individual movement.
OBS-POP-ZONE-39123-POP20,population_count,40364.0,persons,2020,2021,2020-04-01 enumeration,39123,county,POP-ZONE-39123,2020 Decennial Census P.L. 94-171 P1,observed,s11a_decennial_oh_pl,high,real,verified,Enumerated 2020 person count.
OBS-POP-ZONE-39123-HU20,housing_unit_count,28596.0,housing_units,2020,2021,2020-04-01 enumeration,39123,county,POP-ZONE-39123,2020 Decennial Census P.L. 94-171 H1/geography,observed,s11a_decennial_oh_pl,high,real,verified,Enumerated housing units; not households or occupied units.
OBS-POP-ZONE-39123-DENS20,population_density,68.98940862945288,persons_per_square_mile,2020,2021,2020-04-01 enumeration and 2020 geography,39123,county,POP-ZONE-39123,2020 Decennial Census P.L. 94-171 plus Census geography area,observed,s11a_tiger_counties,high,real,verified,Density is a derived ratio and is not a block-level observation.
OBS-POP-ZONE-39123-PEP20,population_estimate,40298.0,persons,2020,2025,July 1 annual estimate,39123,county,POP-ZONE-39123,2024 Vintage Population Estimates Program,estimated,s11a_pep_county_2024,high,real,verified,PEP estimate; distinct from 2020 Census enumeration.
OBS-POP-ZONE-39123-PEP24,population_estimate,39692.0,persons,2024,2025,July 1 annual estimate,39123,county,POP-ZONE-39123,2024 Vintage Population Estimates Program,estimated,s11a_pep_county_2024,high,real,verified,Latest available PEP point estimate in this package; not a 2026 Census observation.
OBS-POP-ZONE-39123-PEPCHG,population_change,-606.0,persons,2020-2024,2025,July 1 annual estimates,39123,county,POP-ZONE-39123,2024 Vintage Population Estimates Program,estimated,s11a_pep_county_2024,high,real,verified,Difference between PEP estimates; not a causal migration finding.
OBS-POP-ZONE-39123-PEPCHGPCT,population_change_percent,-1.5037967144771454,percent,2020-2024,2025,July 1 annual estimates,39123,county,POP-ZONE-39123,2024 Vintage Population Estimates Program,estimated,s11a_pep_county_2024,high,real,verified,Percentage change in PEP estimates; not a causal explanation.
OBS-POP-ZONE-39123-ACSP,population_count,39994.0,persons,2024,2025,2020-2024,39123,county,POP-ZONE-39123,ACS 2024 5-year detailed tables,estimated,s11a_acs_2024_5yr,high,real,verified,ACS estimate; not an enumerated 2026 count.
OBS-POP-ZONE-39123-HH,household_count,18504.0,households,2024,2025,2020-2024,39123,county,POP-ZONE-39123,ACS 2024 5-year detailed tables,estimated,s11a_acs_2024_5yr,high,real,verified,Households are not persons or housing units.
OBS-POP-ZONE-39123-HUACS,housing_unit_count,28911.0,housing_units,2024,2025,2020-2024,39123,county,POP-ZONE-39123,ACS 2024 5-year detailed tables,estimated,s11a_acs_2024_5yr,high,real,verified,ACS housing-unit estimate; distinct from 2020 enumeration.
OBS-POP-ZONE-39123-OCC,occupied_housing_units,18504.0,housing_units,2024,2025,2020-2024,39123,county,POP-ZONE-39123,ACS 2024 5-year detailed tables,estimated,s11a_acs_2024_5yr,high,real,verified,Occupied unit estimate; not a utility connection or household welfare measure.
OBS-POP-ZONE-39123-VAC,vacant_housing_units,10407.0,housing_units,2024,2025,2020-2024,39123,county,POP-ZONE-39123,ACS 2024 5-year detailed tables,estimated,s11a_acs_2024_5yr,high,real,verified,Vacancy is descriptive housing context; no reason for vacancy is inferred.
OBS-POP-ZONE-39123-VACSH,vacancy_rate,35.99667946456366,percent,2024,2025,2020-2024,39123,county,POP-ZONE-39123,ACS 2024 5-year detailed tables,estimated,s11a_acs_2024_5yr,high,real,verified,Vacancy rate is not a neighborhood-quality or vulnerability score.
OBS-POP-ZONE-39123-MEDAGE,median_age,50.6,years,2024,2025,2020-2024,39123,county,POP-ZONE-39123,ACS 2024 5-year detailed tables,estimated,s11a_acs_2024_5yr,moderate,real,verified,Descriptive aggregate age context only.
OBS-POP-ZONE-39123-UNDER18,age_under_18_share,17.54013101965295,percent,2024,2025,2020-2024,39123,county,POP-ZONE-39123,ACS 2024 5-year detailed tables,estimated,s11a_acs_2024_5yr,moderate,real,verified,Descriptive aggregate age structure; no vulnerability ranking.
OBS-POP-ZONE-39123-AGE65,age_65_plus_share,27.679151872780917,percent,2024,2025,2020-2024,39123,county,POP-ZONE-39123,ACS 2024 5-year detailed tables,estimated,s11a_acs_2024_5yr,moderate,real,verified,Descriptive aggregate age structure; no vulnerability ranking.
OBS-POP-ZONE-39123-HHSIZE,average_household_size,2.13,persons_per_household,2024,2025,2020-2024,39123,county,POP-ZONE-39123,ACS 2024 5-year detailed tables,estimated,s11a_acs_2024_5yr,moderate,real,verified,Aggregate household-size estimate; no household-level inference.
OBS-POP-ZONE-39123-HOUSAGE,median_year_structure_built,1976.0,year,2024,2025,2020-2024,39123,county,POP-ZONE-39123,ACS 2024 5-year detailed tables,estimated,s11a_acs_2024_5yr,moderate,real,verified,Descriptive housing-age context; not a condition or maintenance score.
OBS-POP-ZONE-39123-DRIVE_ALONE_SHARE,drive_alone_share,81.14094322294851,percent,2024,2025,2020-2024,39123,county,POP-ZONE-39123,ACS 2024 5-year B08301/B08303,estimated,s11b_acs_commute_2024,moderate,real,verified,Residence-based commuting estimate; commuting is not migration or individual movement.
OBS-POP-ZONE-39123-CARPOOL_SHARE,carpool_share,6.525849494894927,percent,2024,2025,2020-2024,39123,county,POP-ZONE-39123,ACS 2024 5-year B08301/B08303,estimated,s11b_acs_commute_2024,moderate,real,verified,Residence-based commuting estimate; commuting is not migration or individual movement.
OBS-POP-ZONE-39123-PUBLIC_TRANSIT_SHARE,public_transit_share,0.4213710766571228,percent,2024,2025,2020-2024,39123,county,POP-ZONE-39123,ACS 2024 5-year B08301/B08303,estimated,s11b_acs_commute_2024,moderate,real,verified,Residence-based commuting estimate; commuting is not migration or individual movement.
OBS-POP-ZONE-39123-WALK_SHARE,walk_share,1.680082113338015,percent,2024,2025,2020-2024,39123,county,POP-ZONE-39123,ACS 2024 5-year B08301/B08303,estimated,s11b_acs_commute_2024,moderate,real,verified,Residence-based commuting estimate; commuting is not migration or individual movement.
OBS-POP-ZONE-39123-WORK_FROM_HOME_SHARE,work_from_home_share,7.773756144994867,percent,2024,2025,2020-2024,39123,county,POP-ZONE-39123,ACS 2024 5-year B08301/B08303,estimated,s11b_acs_commute_2024,moderate,real,verified,Residence-based commuting estimate; commuting is not migration or individual movement.
OBS-POP-ZONE-39123-COMMUTE_45_PLUS_SHARE,commute_45_plus_share,11.720946579194,percent,2024,2025,2020-2024,39123,county,POP-ZONE-39123,ACS 2024 5-year B08301/B08303,estimated,s11b_acs_commute_2024,moderate,real,verified,Residence-based commuting estimate; commuting is not migration or individual movement.
OBS-POP-ZONE-39125-POP20,population_count,18806.0,persons,2020,2021,2020-04-01 enumeration,39125,county,POP-ZONE-39125,2020 Decennial Census P.L. 94-171 P1,observed,s11a_decennial_oh_pl,high,real,verified,Enumerated 2020 person count.
OBS-POP-ZONE-39125-HU20,housing_unit_count,8490.0,housing_units,2020,2021,2020-04-01 enumeration,39125,county,POP-ZONE-39125,2020 Decennial Census P.L. 94-171 H1/geography,observed,s11a_decennial_oh_pl,high,real,verified,Enumerated housing units; not households or occupied units.
OBS-POP-ZONE-39125-DENS20,population_density,44.89953688803271,persons_per_square_mile,2020,2021,2020-04-01 enumeration and 2020 geography,39125,county,POP-ZONE-39125,2020 Decennial Census P.L. 94-171 plus Census geography area,observed,s11a_tiger_counties,high,real,verified,Density is a derived ratio and is not a block-level observation.
OBS-POP-ZONE-39125-PEP20,population_estimate,18807.0,persons,2020,2025,July 1 annual estimate,39125,county,POP-ZONE-39125,2024 Vintage Population Estimates Program,estimated,s11a_pep_county_2024,high,real,verified,PEP estimate; distinct from 2020 Census enumeration.
OBS-POP-ZONE-39125-PEP24,population_estimate,18755.0,persons,2024,2025,July 1 annual estimate,39125,county,POP-ZONE-39125,2024 Vintage Population Estimates Program,estimated,s11a_pep_county_2024,high,real,verified,Latest available PEP point estimate in this package; not a 2026 Census observation.
OBS-POP-ZONE-39125-PEPCHG,population_change,-52.0,persons,2020-2024,2025,July 1 annual estimates,39125,county,POP-ZONE-39125,2024 Vintage Population Estimates Program,estimated,s11a_pep_county_2024,high,real,verified,Difference between PEP estimates; not a causal migration finding.
OBS-POP-ZONE-39125-PEPCHGPCT,population_change_percent,-0.27649279523581644,percent,2020-2024,2025,July 1 annual estimates,39125,county,POP-ZONE-39125,2024 Vintage Population Estimates Program,estimated,s11a_pep_county_2024,high,real,verified,Percentage change in PEP estimates; not a causal explanation.
OBS-POP-ZONE-39125-ACSP,population_count,18791.0,persons,2024,2025,2020-2024,39125,county,POP-ZONE-39125,ACS 2024 5-year detailed tables,estimated,s11a_acs_2024_5yr,high,real,verified,ACS estimate; not an enumerated 2026 count.
OBS-POP-ZONE-39125-HH,household_count,7624.0,households,2024,2025,2020-2024,39125,county,POP-ZONE-39125,ACS 2024 5-year detailed tables,estimated,s11a_acs_2024_5yr,high,real,verified,Households are not persons or housing units.
OBS-POP-ZONE-39125-HUACS,housing_unit_count,8551.0,housing_units,2024,2025,2020-2024,39125,county,POP-ZONE-39125,ACS 2024 5-year detailed tables,estimated,s11a_acs_2024_5yr,high,real,verified,ACS housing-unit estimate; distinct from 2020 enumeration.
OBS-POP-ZONE-39125-OCC,occupied_housing_units,7624.0,housing_units,2024,2025,2020-2024,39125,county,POP-ZONE-39125,ACS 2024 5-year detailed tables,estimated,s11a_acs_2024_5yr,high,real,verified,Occupied unit estimate; not a utility connection or household welfare measure.
OBS-POP-ZONE-39125-VAC,vacant_housing_units,927.0,housing_units,2024,2025,2020-2024,39125,county,POP-ZONE-39125,ACS 2024 5-year detailed tables,estimated,s11a_acs_2024_5yr,high,real,verified,Vacancy is descriptive housing context; no reason for vacancy is inferred.
OBS-POP-ZONE-39125-VACSH,vacancy_rate,10.840837328967371,percent,2024,2025,2020-2024,39125,county,POP-ZONE-39125,ACS 2024 5-year detailed tables,estimated,s11a_acs_2024_5yr,high,real,verified,Vacancy rate is not a neighborhood-quality or vulnerability score.
OBS-POP-ZONE-39125-MEDAGE,median_age,41.0,years,2024,2025,2020-2024,39125,county,POP-ZONE-39125,ACS 2024 5-year detailed tables,estimated,s11a_acs_2024_5yr,moderate,real,verified,Descriptive aggregate age context only.
OBS-POP-ZONE-39125-UNDER18,age_under_18_share,23.612367622798146,percent,2024,2025,2020-2024,39125,county,POP-ZONE-39125,ACS 2024 5-year detailed tables,estimated,s11a_acs_2024_5yr,moderate,real,verified,Descriptive aggregate age structure; no vulnerability ranking.
OBS-POP-ZONE-39125-AGE65,age_65_plus_share,19.291150018625938,percent,2024,2025,2020-2024,39125,county,POP-ZONE-39125,ACS 2024 5-year detailed tables,estimated,s11a_acs_2024_5yr,moderate,real,verified,Descriptive aggregate age structure; no vulnerability ranking.
OBS-POP-ZONE-39125-HHSIZE,average_household_size,2.45,persons_per_household,2024,2025,2020-2024,39125,county,POP-ZONE-39125,ACS 2024 5-year detailed tables,estimated,s11a_acs_2024_5yr,moderate,real,verified,Aggregate household-size estimate; no household-level inference.
OBS-POP-ZONE-39125-HOUSAGE,median_year_structure_built,1971.0,year,2024,2025,2020-2024,39125,county,POP-ZONE-39125,ACS 2024 5-year detailed tables,estimated,s11a_acs_2024_5yr,moderate,real,verified,Descriptive housing-age context; not a condition or maintenance score.
OBS-POP-ZONE-39125-DRIVE_ALONE_SHARE,drive_alone_share,84.77018065401326,percent,2024,2025,2020-2024,39125,county,POP-ZONE-39125,ACS 2024 5-year B08301/B08303,estimated,s11b_acs_commute_2024,moderate,real,verified,Residence-based commuting estimate; commuting is not migration or individual movement.
OBS-POP-ZONE-39125-CARPOOL_SHARE,carpool_share,8.998399268236907,percent,2024,2025,2020-2024,39125,county,POP-ZONE-39125,ACS 2024 5-year B08301/B08303,estimated,s11b_acs_commute_2024,moderate,real,verified,Residence-based commuting estimate; commuting is not migration or individual movement.
OBS-POP-ZONE-39125-PUBLIC_TRANSIT_SHARE,public_transit_share,0.0,percent,2024,2025,2020-2024,39125,county,POP-ZONE-39125,ACS 2024 5-year B08301/B08303,estimated,s11b_acs_commute_2024,moderate,real,verified,Residence-based commuting estimate; commuting is not migration or individual movement.
OBS-POP-ZONE-39125-WALK_SHARE,walk_share,1.8294077292476558,percent,2024,2025,2020-2024,39125,county,POP-ZONE-39125,ACS 2024 5-year B08301/B08303,estimated,s11b_acs_commute_2024,moderate,real,verified,Residence-based commuting estimate; commuting is not migration or individual movement.
OBS-POP-ZONE-39125-WORK_FROM_HOME_SHARE,work_from_home_share,4.070432197576035,percent,2024,2025,2020-2024,39125,county,POP-ZONE-39125,ACS 2024 5-year B08301/B08303,estimated,s11b_acs_commute_2024,moderate,real,verified,Residence-based commuting estimate; commuting is not migration or individual movement.
OBS-POP-ZONE-39125-COMMUTE_45_PLUS_SHARE,commute_45_plus_share,12.681764004767581,percent,2024,2025,2020-2024,39125,county,POP-ZONE-39125,ACS 2024 5-year B08301/B08303,estimated,s11b_acs_commute_2024,moderate,real,verified,Residence-based commuting estimate; commuting is not migration or individual movement.
OBS-POP-ZONE-39137-POP20,population_count,34451.0,persons,2020,2021,2020-04-01 enumeration,39137,county,POP-ZONE-39137,2020 Decennial Census P.L. 94-171 P1,observed,s11a_decennial_oh_pl,high,real,verified,Enumerated 2020 person count.
OBS-POP-ZONE-39137-HU20,housing_unit_count,13824.0,housing_units,2020,2021,2020-04-01 enumeration,39137,county,POP-ZONE-39137,2020 Decennial Census P.L. 94-171 H1/geography,observed,s11a_decennial_oh_pl,high,real,verified,Enumerated housing units; not households or occupied units.
OBS-POP-ZONE-39137-DENS20,population_density,71.1358117934562,persons_per_square_mile,2020,2021,2020-04-01 enumeration and 2020 geography,39137,county,POP-ZONE-39137,2020 Decennial Census P.L. 94-171 plus Census geography area,observed,s11a_tiger_counties,high,real,verified,Density is a derived ratio and is not a block-level observation.
OBS-POP-ZONE-39137-PEP20,population_estimate,34407.0,persons,2020,2025,July 1 annual estimate,39137,county,POP-ZONE-39137,2024 Vintage Population Estimates Program,estimated,s11a_pep_county_2024,high,real,verified,PEP estimate; distinct from 2020 Census enumeration.
OBS-POP-ZONE-39137-PEP24,population_estimate,34206.0,persons,2024,2025,July 1 annual estimate,39137,county,POP-ZONE-39137,2024 Vintage Population Estimates Program,estimated,s11a_pep_county_2024,high,real,verified,Latest available PEP point estimate in this package; not a 2026 Census observation.
OBS-POP-ZONE-39137-PEPCHG,population_change,-201.0,persons,2020-2024,2025,July 1 annual estimates,39137,county,POP-ZONE-39137,2024 Vintage Population Estimates Program,estimated,s11a_pep_county_2024,high,real,verified,Difference between PEP estimates; not a causal migration finding.
OBS-POP-ZONE-39137-PEPCHGPCT,population_change_percent,-0.5841834510419391,percent,2020-2024,2025,July 1 annual estimates,39137,county,POP-ZONE-39137,2024 Vintage Population Estimates Program,estimated,s11a_pep_county_2024,high,real,verified,Percentage change in PEP estimates; not a causal explanation.
OBS-POP-ZONE-39137-ACSP,population_count,34314.0,persons,2024,2025,2020-2024,39137,county,POP-ZONE-39137,ACS 2024 5-year detailed tables,estimated,s11a_acs_2024_5yr,high,real,verified,ACS estimate; not an enumerated 2026 count.
OBS-POP-ZONE-39137-HH,household_count,13153.0,households,2024,2025,2020-2024,39137,county,POP-ZONE-39137,ACS 2024 5-year detailed tables,estimated,s11a_acs_2024_5yr,high,real,verified,Households are not persons or housing units.
OBS-POP-ZONE-39137-HUACS,housing_unit_count,13884.0,housing_units,2024,2025,2020-2024,39137,county,POP-ZONE-39137,ACS 2024 5-year detailed tables,estimated,s11a_acs_2024_5yr,high,real,verified,ACS housing-unit estimate; distinct from 2020 enumeration.
OBS-POP-ZONE-39137-OCC,occupied_housing_units,13153.0,housing_units,2024,2025,2020-2024,39137,county,POP-ZONE-39137,ACS 2024 5-year detailed tables,estimated,s11a_acs_2024_5yr,high,real,verified,Occupied unit estimate; not a utility connection or household welfare measure.
OBS-POP-ZONE-39137-VAC,vacant_housing_units,731.0,housing_units,2024,2025,2020-2024,39137,county,POP-ZONE-39137,ACS 2024 5-year detailed tables,estimated,s11a_acs_2024_5yr,high,real,verified,Vacancy is descriptive housing context; no reason for vacancy is inferred.
OBS-POP-ZONE-39137-VACSH,vacancy_rate,5.265053298761164,percent,2024,2025,2020-2024,39137,county,POP-ZONE-39137,ACS 2024 5-year detailed tables,estimated,s11a_acs_2024_5yr,high,real,verified,Vacancy rate is not a neighborhood-quality or vulnerability score.
OBS-POP-ZONE-39137-MEDAGE,median_age,40.6,years,2024,2025,2020-2024,39137,county,POP-ZONE-39137,ACS 2024 5-year detailed tables,estimated,s11a_acs_2024_5yr,moderate,real,verified,Descriptive aggregate age context only.
OBS-POP-ZONE-39137-UNDER18,age_under_18_share,25.508538788832546,percent,2024,2025,2020-2024,39137,county,POP-ZONE-39137,ACS 2024 5-year detailed tables,estimated,s11a_acs_2024_5yr,moderate,real,verified,Descriptive aggregate age structure; no vulnerability ranking.
OBS-POP-ZONE-39137-AGE65,age_65_plus_share,18.91939150201084,percent,2024,2025,2020-2024,39137,county,POP-ZONE-39137,ACS 2024 5-year detailed tables,estimated,s11a_acs_2024_5yr,moderate,real,verified,Descriptive aggregate age structure; no vulnerability ranking.
OBS-POP-ZONE-39137-HHSIZE,average_household_size,2.58,persons_per_household,2024,2025,2020-2024,39137,county,POP-ZONE-39137,ACS 2024 5-year detailed tables,estimated,s11a_acs_2024_5yr,moderate,real,verified,Aggregate household-size estimate; no household-level inference.
OBS-POP-ZONE-39137-HOUSAGE,median_year_structure_built,1972.0,year,2024,2025,2020-2024,39137,county,POP-ZONE-39137,ACS 2024 5-year detailed tables,estimated,s11a_acs_2024_5yr,moderate,real,verified,Descriptive housing-age context; not a condition or maintenance score.
OBS-POP-ZONE-39137-DRIVE_ALONE_SHARE,drive_alone_share,85.35652381806229,percent,2024,2025,2020-2024,39137,county,POP-ZONE-39137,ACS 2024 5-year B08301/B08303,estimated,s11b_acs_commute_2024,moderate,real,verified,Residence-based commuting estimate; commuting is not migration or individual movement.
OBS-POP-ZONE-39137-CARPOOL_SHARE,carpool_share,5.953021337636722,percent,2024,2025,2020-2024,39137,county,POP-ZONE-39137,ACS 2024 5-year B08301/B08303,estimated,s11b_acs_commute_2024,moderate,real,verified,Residence-based commuting estimate; commuting is not migration or individual movement.
OBS-POP-ZONE-39137-PUBLIC_TRANSIT_SHARE,public_transit_share,0.20321558783097243,percent,2024,2025,2020-2024,39137,county,POP-ZONE-39137,ACS 2024 5-year B08301/B08303,estimated,s11b_acs_commute_2024,moderate,real,verified,Residence-based commuting estimate; commuting is not migration or individual movement.
OBS-POP-ZONE-39137-WALK_SHARE,walk_share,2.0441097364174285,percent,2024,2025,2020-2024,39137,county,POP-ZONE-39137,ACS 2024 5-year B08301/B08303,estimated,s11b_acs_commute_2024,moderate,real,verified,Residence-based commuting estimate; commuting is not migration or individual movement.
OBS-POP-ZONE-39137-WORK_FROM_HOME_SHARE,work_from_home_share,6.126352280198434,percent,2024,2025,2020-2024,39137,county,POP-ZONE-39137,ACS 2024 5-year B08301/B08303,estimated,s11b_acs_commute_2024,moderate,real,verified,Residence-based commuting estimate; commuting is not migration or individual movement.
OBS-POP-ZONE-39137-COMMUTE_45_PLUS_SHARE,commute_45_plus_share,9.187571628676938,percent,2024,2025,2020-2024,39137,county,POP-ZONE-39137,ACS 2024 5-year B08301/B08303,estimated,s11b_acs_commute_2024,moderate,real,verified,Residence-based commuting estimate; commuting is not migration or individual movement.
OBS-POP-ZONE-39143-POP20,population_count,58896.0,persons,2020,2021,2020-04-01 enumeration,39143,county,POP-ZONE-39143,2020 Decennial Census P.L. 94-171 P1,observed,s11a_decennial_oh_pl,high,real,verified,Enumerated 2020 person count.
OBS-POP-ZONE-39143-HU20,housing_unit_count,26479.0,housing_units,2020,2021,2020-04-01 enumeration,39143,county,POP-ZONE-39143,2020 Decennial Census P.L. 94-171 H1/geography,observed,s11a_decennial_oh_pl,high,real,verified,Enumerated housing units; not households or occupied units.
OBS-POP-ZONE-39143-DENS20,population_density,140.99725922795363,persons_per_square_mile,2020,2021,2020-04-01 enumeration and 2020 geography,39143,county,POP-ZONE-39143,2020 Decennial Census P.L. 94-171 plus Census geography area,observed,s11a_tiger_counties,high,real,verified,Density is a derived ratio and is not a block-level observation.
OBS-POP-ZONE-39143-PEP20,population_estimate,58878.0,persons,2020,2025,July 1 annual estimate,39143,county,POP-ZONE-39143,2024 Vintage Population Estimates Program,estimated,s11a_pep_county_2024,high,real,verified,PEP estimate; distinct from 2020 Census enumeration.
OBS-POP-ZONE-39143-PEP24,population_estimate,58866.0,persons,2024,2025,July 1 annual estimate,39143,county,POP-ZONE-39143,2024 Vintage Population Estimates Program,estimated,s11a_pep_county_2024,high,real,verified,Latest available PEP point estimate in this package; not a 2026 Census observation.
OBS-POP-ZONE-39143-PEPCHG,population_change,-12.0,persons,2020-2024,2025,July 1 annual estimates,39143,county,POP-ZONE-39143,2024 Vintage Population Estimates Program,estimated,s11a_pep_county_2024,high,real,verified,Difference between PEP estimates; not a causal migration finding.
OBS-POP-ZONE-39143-PEPCHGPCT,population_change_percent,-0.020381127076327322,percent,2020-2024,2025,July 1 annual estimates,39143,county,POP-ZONE-39143,2024 Vintage Population Estimates Program,estimated,s11a_pep_county_2024,high,real,verified,Percentage change in PEP estimates; not a causal explanation.
OBS-POP-ZONE-39143-ACSP,population_count,58778.0,persons,2024,2025,2020-2024,39143,county,POP-ZONE-39143,ACS 2024 5-year detailed tables,estimated,s11a_acs_2024_5yr,high,real,verified,ACS estimate; not an enumerated 2026 count.
OBS-POP-ZONE-39143-HH,household_count,24686.0,households,2024,2025,2020-2024,39143,county,POP-ZONE-39143,ACS 2024 5-year detailed tables,estimated,s11a_acs_2024_5yr,high,real,verified,Households are not persons or housing units.
OBS-POP-ZONE-39143-HUACS,housing_unit_count,26501.0,housing_units,2024,2025,2020-2024,39143,county,POP-ZONE-39143,ACS 2024 5-year detailed tables,estimated,s11a_acs_2024_5yr,high,real,verified,ACS housing-unit estimate; distinct from 2020 enumeration.
OBS-POP-ZONE-39143-OCC,occupied_housing_units,24686.0,housing_units,2024,2025,2020-2024,39143,county,POP-ZONE-39143,ACS 2024 5-year detailed tables,estimated,s11a_acs_2024_5yr,high,real,verified,Occupied unit estimate; not a utility connection or household welfare measure.
OBS-POP-ZONE-39143-VAC,vacant_housing_units,1815.0,housing_units,2024,2025,2020-2024,39143,county,POP-ZONE-39143,ACS 2024 5-year detailed tables,estimated,s11a_acs_2024_5yr,high,real,verified,Vacancy is descriptive housing context; no reason for vacancy is inferred.
OBS-POP-ZONE-39143-VACSH,vacancy_rate,6.848798158560054,percent,2024,2025,2020-2024,39143,county,POP-ZONE-39143,ACS 2024 5-year detailed tables,estimated,s11a_acs_2024_5yr,high,real,verified,Vacancy rate is not a neighborhood-quality or vulnerability score.
OBS-POP-ZONE-39143-MEDAGE,median_age,42.5,years,2024,2025,2020-2024,39143,county,POP-ZONE-39143,ACS 2024 5-year detailed tables,estimated,s11a_acs_2024_5yr,moderate,real,verified,Descriptive aggregate age context only.
OBS-POP-ZONE-39143-UNDER18,age_under_18_share,21.569294634046752,percent,2024,2025,2020-2024,39143,county,POP-ZONE-39143,ACS 2024 5-year detailed tables,estimated,s11a_acs_2024_5yr,moderate,real,verified,Descriptive aggregate age structure; no vulnerability ranking.
OBS-POP-ZONE-39143-AGE65,age_65_plus_share,20.25247541597196,percent,2024,2025,2020-2024,39143,county,POP-ZONE-39143,ACS 2024 5-year detailed tables,estimated,s11a_acs_2024_5yr,moderate,real,verified,Descriptive aggregate age structure; no vulnerability ranking.
OBS-POP-ZONE-39143-HHSIZE,average_household_size,2.34,persons_per_household,2024,2025,2020-2024,39143,county,POP-ZONE-39143,ACS 2024 5-year detailed tables,estimated,s11a_acs_2024_5yr,moderate,real,verified,Aggregate household-size estimate; no household-level inference.
OBS-POP-ZONE-39143-HOUSAGE,median_year_structure_built,1960.0,year,2024,2025,2020-2024,39143,county,POP-ZONE-39143,ACS 2024 5-year detailed tables,estimated,s11a_acs_2024_5yr,moderate,real,verified,Descriptive housing-age context; not a condition or maintenance score.
OBS-POP-ZONE-39143-DRIVE_ALONE_SHARE,drive_alone_share,84.84871638141809,percent,2024,2025,2020-2024,39143,county,POP-ZONE-39143,ACS 2024 5-year B08301/B08303,estimated,s11b_acs_commute_2024,moderate,real,verified,Residence-based commuting estimate; commuting is not migration or individual movement.
OBS-POP-ZONE-39143-CARPOOL_SHARE,carpool_share,7.34260391198044,percent,2024,2025,2020-2024,39143,county,POP-ZONE-39143,ACS 2024 5-year B08301/B08303,estimated,s11b_acs_commute_2024,moderate,real,verified,Residence-based commuting estimate; commuting is not migration or individual movement.
OBS-POP-ZONE-39143-PUBLIC_TRANSIT_SHARE,public_transit_share,0.4125916870415648,percent,2024,2025,2020-2024,39143,county,POP-ZONE-39143,ACS 2024 5-year B08301/B08303,estimated,s11b_acs_commute_2024,moderate,real,verified,Residence-based commuting estimate; commuting is not migration or individual movement.
OBS-POP-ZONE-39143-WALK_SHARE,walk_share,1.7344132029339852,percent,2024,2025,2020-2024,39143,county,POP-ZONE-39143,ACS 2024 5-year B08301/B08303,estimated,s11b_acs_commute_2024,moderate,real,verified,Residence-based commuting estimate; commuting is not migration or individual movement.
OBS-POP-ZONE-39143-WORK_FROM_HOME_SHARE,work_from_home_share,4.206143031784841,percent,2024,2025,2020-2024,39143,county,POP-ZONE-39143,ACS 2024 5-year B08301/B08303,estimated,s11b_acs_commute_2024,moderate,real,verified,Residence-based commuting estimate; commuting is not migration or individual movement.
OBS-POP-ZONE-39143-COMMUTE_45_PLUS_SHARE,commute_45_plus_share,8.97308075772682,percent,2024,2025,2020-2024,39143,county,POP-ZONE-39143,ACS 2024 5-year B08301/B08303,estimated,s11b_acs_commute_2024,moderate,real,verified,Residence-based commuting estimate; commuting is not migration or individual movement.
OBS-POP-ZONE-39147-POP20,population_count,55069.0,persons,2020,2021,2020-04-01 enumeration,39147,county,POP-ZONE-39147,2020 Decennial Census P.L. 94-171 P1,observed,s11a_decennial_oh_pl,high,real,verified,Enumerated 2020 person count.
OBS-POP-ZONE-39147-HU20,housing_unit_count,23934.0,housing_units,2020,2021,2020-04-01 enumeration,39147,county,POP-ZONE-39147,2020 Decennial Census P.L. 94-171 H1/geography,observed,s11a_decennial_oh_pl,high,real,verified,Enumerated housing units; not households or occupied units.
OBS-POP-ZONE-39147-DENS20,population_density,99.61947808574132,persons_per_square_mile,2020,2021,2020-04-01 enumeration and 2020 geography,39147,county,POP-ZONE-39147,2020 Decennial Census P.L. 94-171 plus Census geography area,observed,s11a_tiger_counties,high,real,verified,Density is a derived ratio and is not a block-level observation.
OBS-POP-ZONE-39147-PEP20,population_estimate,55055.0,persons,2020,2025,July 1 annual estimate,39147,county,POP-ZONE-39147,2024 Vintage Population Estimates Program,estimated,s11a_pep_county_2024,high,real,verified,PEP estimate; distinct from 2020 Census enumeration.
OBS-POP-ZONE-39147-PEP24,population_estimate,54730.0,persons,2024,2025,July 1 annual estimate,39147,county,POP-ZONE-39147,2024 Vintage Population Estimates Program,estimated,s11a_pep_county_2024,high,real,verified,Latest available PEP point estimate in this package; not a 2026 Census observation.
OBS-POP-ZONE-39147-PEPCHG,population_change,-325.0,persons,2020-2024,2025,July 1 annual estimates,39147,county,POP-ZONE-39147,2024 Vintage Population Estimates Program,estimated,s11a_pep_county_2024,high,real,verified,Difference between PEP estimates; not a causal migration finding.
OBS-POP-ZONE-39147-PEPCHGPCT,population_change_percent,-0.5903187721369539,percent,2020-2024,2025,July 1 annual estimates,39147,county,POP-ZONE-39147,2024 Vintage Population Estimates Program,estimated,s11a_pep_county_2024,high,real,verified,Percentage change in PEP estimates; not a causal explanation.
OBS-POP-ZONE-39147-ACSP,population_count,54770.0,persons,2024,2025,2020-2024,39147,county,POP-ZONE-39147,ACS 2024 5-year detailed tables,estimated,s11a_acs_2024_5yr,high,real,verified,ACS estimate; not an enumerated 2026 count.
OBS-POP-ZONE-39147-HH,household_count,22279.0,households,2024,2025,2020-2024,39147,county,POP-ZONE-39147,ACS 2024 5-year detailed tables,estimated,s11a_acs_2024_5yr,high,real,verified,Households are not persons or housing units.
OBS-POP-ZONE-39147-HUACS,housing_unit_count,23982.0,housing_units,2024,2025,2020-2024,39147,county,POP-ZONE-39147,ACS 2024 5-year detailed tables,estimated,s11a_acs_2024_5yr,high,real,verified,ACS housing-unit estimate; distinct from 2020 enumeration.
OBS-POP-ZONE-39147-OCC,occupied_housing_units,22279.0,housing_units,2024,2025,2020-2024,39147,county,POP-ZONE-39147,ACS 2024 5-year detailed tables,estimated,s11a_acs_2024_5yr,high,real,verified,Occupied unit estimate; not a utility connection or household welfare measure.
OBS-POP-ZONE-39147-VAC,vacant_housing_units,1703.0,housing_units,2024,2025,2020-2024,39147,county,POP-ZONE-39147,ACS 2024 5-year detailed tables,estimated,s11a_acs_2024_5yr,high,real,verified,Vacancy is descriptive housing context; no reason for vacancy is inferred.
OBS-POP-ZONE-39147-VACSH,vacancy_rate,7.101159202735385,percent,2024,2025,2020-2024,39147,county,POP-ZONE-39147,ACS 2024 5-year detailed tables,estimated,s11a_acs_2024_5yr,high,real,verified,Vacancy rate is not a neighborhood-quality or vulnerability score.
OBS-POP-ZONE-39147-MEDAGE,median_age,40.2,years,2024,2025,2020-2024,39147,county,POP-ZONE-39147,ACS 2024 5-year detailed tables,estimated,s11a_acs_2024_5yr,moderate,real,verified,Descriptive aggregate age context only.
OBS-POP-ZONE-39147-UNDER18,age_under_18_share,21.413182399123606,percent,2024,2025,2020-2024,39147,county,POP-ZONE-39147,ACS 2024 5-year detailed tables,estimated,s11a_acs_2024_5yr,moderate,real,verified,Descriptive aggregate age structure; no vulnerability ranking.
OBS-POP-ZONE-39147-AGE65,age_65_plus_share,19.240460105897387,percent,2024,2025,2020-2024,39147,county,POP-ZONE-39147,ACS 2024 5-year detailed tables,estimated,s11a_acs_2024_5yr,moderate,real,verified,Descriptive aggregate age structure; no vulnerability ranking.
OBS-POP-ZONE-39147-HHSIZE,average_household_size,2.34,persons_per_household,2024,2025,2020-2024,39147,county,POP-ZONE-39147,ACS 2024 5-year detailed tables,estimated,s11a_acs_2024_5yr,moderate,real,verified,Aggregate household-size estimate; no household-level inference.
OBS-POP-ZONE-39147-HOUSAGE,median_year_structure_built,1959.0,year,2024,2025,2020-2024,39147,county,POP-ZONE-39147,ACS 2024 5-year detailed tables,estimated,s11a_acs_2024_5yr,moderate,real,verified,Descriptive housing-age context; not a condition or maintenance score.
OBS-POP-ZONE-39147-DRIVE_ALONE_SHARE,drive_alone_share,81.64881407804133,percent,2024,2025,2020-2024,39147,county,POP-ZONE-39147,ACS 2024 5-year B08301/B08303,estimated,s11b_acs_commute_2024,moderate,real,verified,Residence-based commuting estimate; commuting is not migration or individual movement.
OBS-POP-ZONE-39147-CARPOOL_SHARE,carpool_share,7.42540168324407,percent,2024,2025,2020-2024,39147,county,POP-ZONE-39147,ACS 2024 5-year B08301/B08303,estimated,s11b_acs_commute_2024,moderate,real,verified,Residence-based commuting estimate; commuting is not migration or individual movement.
OBS-POP-ZONE-39147-PUBLIC_TRANSIT_SHARE,public_transit_share,0.1874521805661821,percent,2024,2025,2020-2024,39147,county,POP-ZONE-39147,ACS 2024 5-year B08301/B08303,estimated,s11b_acs_commute_2024,moderate,real,verified,Residence-based commuting estimate; commuting is not migration or individual movement.
OBS-POP-ZONE-39147-WALK_SHARE,walk_share,4.04743687834736,percent,2024,2025,2020-2024,39147,county,POP-ZONE-39147,ACS 2024 5-year B08301/B08303,estimated,s11b_acs_commute_2024,moderate,real,verified,Residence-based commuting estimate; commuting is not migration or individual movement.
OBS-POP-ZONE-39147-WORK_FROM_HOME_SHARE,work_from_home_share,5.899005355776588,percent,2024,2025,2020-2024,39147,county,POP-ZONE-39147,ACS 2024 5-year B08301/B08303,estimated,s11b_acs_commute_2024,moderate,real,verified,Residence-based commuting estimate; commuting is not migration or individual movement.
OBS-POP-ZONE-39147-COMMUTE_45_PLUS_SHARE,commute_45_plus_share,8.890966745263842,percent,2024,2025,2020-2024,39147,county,POP-ZONE-39147,ACS 2024 5-year B08301/B08303,estimated,s11b_acs_commute_2024,moderate,real,verified,Residence-based commuting estimate; commuting is not migration or individual movement.
OBS-POP-ZONE-39161-POP20,population_count,28931.0,persons,2020,2021,2020-04-01 enumeration,39161,county,POP-ZONE-39161,2020 Decennial Census P.L. 94-171 P1,observed,s11a_decennial_oh_pl,high,real,verified,Enumerated 2020 person count.
OBS-POP-ZONE-39161-HU20,housing_unit_count,12540.0,housing_units,2020,2021,2020-04-01 enumeration,39161,county,POP-ZONE-39161,2020 Decennial Census P.L. 94-171 H1/geography,observed,s11a_decennial_oh_pl,high,real,verified,Enumerated housing units; not households or occupied units.
OBS-POP-ZONE-39161-DENS20,population_density,70.49134563572794,persons_per_square_mile,2020,2021,2020-04-01 enumeration and 2020 geography,39161,county,POP-ZONE-39161,2020 Decennial Census P.L. 94-171 plus Census geography area,observed,s11a_tiger_counties,high,real,verified,Density is a derived ratio and is not a block-level observation.
OBS-POP-ZONE-39161-PEP20,population_estimate,28919.0,persons,2020,2025,July 1 annual estimate,39161,county,POP-ZONE-39161,2024 Vintage Population Estimates Program,estimated,s11a_pep_county_2024,high,real,verified,PEP estimate; distinct from 2020 Census enumeration.
OBS-POP-ZONE-39161-PEP24,population_estimate,28887.0,persons,2024,2025,July 1 annual estimate,39161,county,POP-ZONE-39161,2024 Vintage Population Estimates Program,estimated,s11a_pep_county_2024,high,real,verified,Latest available PEP point estimate in this package; not a 2026 Census observation.
OBS-POP-ZONE-39161-PEPCHG,population_change,-32.0,persons,2020-2024,2025,July 1 annual estimates,39161,county,POP-ZONE-39161,2024 Vintage Population Estimates Program,estimated,s11a_pep_county_2024,high,real,verified,Difference between PEP estimates; not a causal migration finding.
OBS-POP-ZONE-39161-PEPCHGPCT,population_change_percent,-0.11065389536291019,percent,2020-2024,2025,July 1 annual estimates,39161,county,POP-ZONE-39161,2024 Vintage Population Estimates Program,estimated,s11a_pep_county_2024,high,real,verified,Percentage change in PEP estimates; not a causal explanation.
OBS-POP-ZONE-39161-ACSP,population_count,28826.0,persons,2024,2025,2020-2024,39161,county,POP-ZONE-39161,ACS 2024 5-year detailed tables,estimated,s11a_acs_2024_5yr,high,real,verified,ACS estimate; not an enumerated 2026 count.
OBS-POP-ZONE-39161-HH,household_count,11549.0,households,2024,2025,2020-2024,39161,county,POP-ZONE-39161,ACS 2024 5-year detailed tables,estimated,s11a_acs_2024_5yr,high,real,verified,Households are not persons or housing units.
OBS-POP-ZONE-39161-HUACS,housing_unit_count,12573.0,housing_units,2024,2025,2020-2024,39161,county,POP-ZONE-39161,ACS 2024 5-year detailed tables,estimated,s11a_acs_2024_5yr,high,real,verified,ACS housing-unit estimate; distinct from 2020 enumeration.
OBS-POP-ZONE-39161-OCC,occupied_housing_units,11549.0,housing_units,2024,2025,2020-2024,39161,county,POP-ZONE-39161,ACS 2024 5-year detailed tables,estimated,s11a_acs_2024_5yr,high,real,verified,Occupied unit estimate; not a utility connection or household welfare measure.
OBS-POP-ZONE-39161-VAC,vacant_housing_units,1024.0,housing_units,2024,2025,2020-2024,39161,county,POP-ZONE-39161,ACS 2024 5-year detailed tables,estimated,s11a_acs_2024_5yr,high,real,verified,Vacancy is descriptive housing context; no reason for vacancy is inferred.
OBS-POP-ZONE-39161-VACSH,vacancy_rate,8.144436490893185,percent,2024,2025,2020-2024,39161,county,POP-ZONE-39161,ACS 2024 5-year detailed tables,estimated,s11a_acs_2024_5yr,high,real,verified,Vacancy rate is not a neighborhood-quality or vulnerability score.
OBS-POP-ZONE-39161-MEDAGE,median_age,41.6,years,2024,2025,2020-2024,39161,county,POP-ZONE-39161,ACS 2024 5-year detailed tables,estimated,s11a_acs_2024_5yr,moderate,real,verified,Descriptive aggregate age context only.
OBS-POP-ZONE-39161-UNDER18,age_under_18_share,23.003538472212586,percent,2024,2025,2020-2024,39161,county,POP-ZONE-39161,ACS 2024 5-year detailed tables,estimated,s11a_acs_2024_5yr,moderate,real,verified,Descriptive aggregate age structure; no vulnerability ranking.
OBS-POP-ZONE-39161-AGE65,age_65_plus_share,19.981960729896624,percent,2024,2025,2020-2024,39161,county,POP-ZONE-39161,ACS 2024 5-year detailed tables,estimated,s11a_acs_2024_5yr,moderate,real,verified,Descriptive aggregate age structure; no vulnerability ranking.
OBS-POP-ZONE-39161-HHSIZE,average_household_size,2.47,persons_per_household,2024,2025,2020-2024,39161,county,POP-ZONE-39161,ACS 2024 5-year detailed tables,estimated,s11a_acs_2024_5yr,moderate,real,verified,Aggregate household-size estimate; no household-level inference.
OBS-POP-ZONE-39161-HOUSAGE,median_year_structure_built,1960.0,year,2024,2025,2020-2024,39161,county,POP-ZONE-39161,ACS 2024 5-year detailed tables,estimated,s11a_acs_2024_5yr,moderate,real,verified,Descriptive housing-age context; not a condition or maintenance score.
OBS-POP-ZONE-39161-DRIVE_ALONE_SHARE,drive_alone_share,84.03672336488506,percent,2024,2025,2020-2024,39161,county,POP-ZONE-39161,ACS 2024 5-year B08301/B08303,estimated,s11b_acs_commute_2024,moderate,real,verified,Residence-based commuting estimate; commuting is not migration or individual movement.
OBS-POP-ZONE-39161-CARPOOL_SHARE,carpool_share,7.921144402533628,percent,2024,2025,2020-2024,39161,county,POP-ZONE-39161,ACS 2024 5-year B08301/B08303,estimated,s11b_acs_commute_2024,moderate,real,verified,Residence-based commuting estimate; commuting is not migration or individual movement.
OBS-POP-ZONE-39161-PUBLIC_TRANSIT_SHARE,public_transit_share,0.0,percent,2024,2025,2020-2024,39161,county,POP-ZONE-39161,ACS 2024 5-year B08301/B08303,estimated,s11b_acs_commute_2024,moderate,real,verified,Residence-based commuting estimate; commuting is not migration or individual movement.
OBS-POP-ZONE-39161-WALK_SHARE,walk_share,1.9429222119422103,percent,2024,2025,2020-2024,39161,county,POP-ZONE-39161,ACS 2024 5-year B08301/B08303,estimated,s11b_acs_commute_2024,moderate,real,verified,Residence-based commuting estimate; commuting is not migration or individual movement.
OBS-POP-ZONE-39161-WORK_FROM_HOME_SHARE,work_from_home_share,4.51925129883994,percent,2024,2025,2020-2024,39161,county,POP-ZONE-39161,ACS 2024 5-year B08301/B08303,estimated,s11b_acs_commute_2024,moderate,real,verified,Residence-based commuting estimate; commuting is not migration or individual movement.
OBS-POP-ZONE-39161-COMMUTE_45_PLUS_SHARE,commute_45_plus_share,11.38938580799046,percent,2024,2025,2020-2024,39161,county,POP-ZONE-39161,ACS 2024 5-year B08301/B08303,estimated,s11b_acs_commute_2024,moderate,real,verified,Residence-based commuting estimate; commuting is not migration or individual movement.
OBS-POP-ZONE-39171-POP20,population_count,37102.0,persons,2020,2021,2020-04-01 enumeration,39171,county,POP-ZONE-39171,2020 Decennial Census P.L. 94-171 P1,observed,s11a_decennial_oh_pl,high,real,verified,Enumerated 2020 person count.
OBS-POP-ZONE-39171-HU20,housing_unit_count,16561.0,housing_units,2020,2021,2020-04-01 enumeration,39171,county,POP-ZONE-39171,2020 Decennial Census P.L. 94-171 H1/geography,observed,s11a_decennial_oh_pl,high,real,verified,Enumerated housing units; not households or occupied units.
OBS-POP-ZONE-39171-DENS20,population_density,87.69247577137243,persons_per_square_mile,2020,2021,2020-04-01 enumeration and 2020 geography,39171,county,POP-ZONE-39171,2020 Decennial Census P.L. 94-171 plus Census geography area,observed,s11a_tiger_counties,high,real,verified,Density is a derived ratio and is not a block-level observation.
OBS-POP-ZONE-39171-PEP20,population_estimate,37084.0,persons,2020,2025,July 1 annual estimate,39171,county,POP-ZONE-39171,2024 Vintage Population Estimates Program,estimated,s11a_pep_county_2024,high,real,verified,PEP estimate; distinct from 2020 Census enumeration.
OBS-POP-ZONE-39171-PEP24,population_estimate,36554.0,persons,2024,2025,July 1 annual estimate,39171,county,POP-ZONE-39171,2024 Vintage Population Estimates Program,estimated,s11a_pep_county_2024,high,real,verified,Latest available PEP point estimate in this package; not a 2026 Census observation.
OBS-POP-ZONE-39171-PEPCHG,population_change,-530.0,persons,2020-2024,2025,July 1 annual estimates,39171,county,POP-ZONE-39171,2024 Vintage Population Estimates Program,estimated,s11a_pep_county_2024,high,real,verified,Difference between PEP estimates; not a causal migration finding.
OBS-POP-ZONE-39171-PEPCHGPCT,population_change_percent,-1.429187789882429,percent,2020-2024,2025,July 1 annual estimates,39171,county,POP-ZONE-39171,2024 Vintage Population Estimates Program,estimated,s11a_pep_county_2024,high,real,verified,Percentage change in PEP estimates; not a causal explanation.
OBS-POP-ZONE-39171-ACSP,population_count,36719.0,persons,2024,2025,2020-2024,39171,county,POP-ZONE-39171,ACS 2024 5-year detailed tables,estimated,s11a_acs_2024_5yr,high,real,verified,ACS estimate; not an enumerated 2026 count.
OBS-POP-ZONE-39171-HH,household_count,15476.0,households,2024,2025,2020-2024,39171,county,POP-ZONE-39171,ACS 2024 5-year detailed tables,estimated,s11a_acs_2024_5yr,high,real,verified,Households are not persons or housing units.
OBS-POP-ZONE-39171-HUACS,housing_unit_count,16564.0,housing_units,2024,2025,2020-2024,39171,county,POP-ZONE-39171,ACS 2024 5-year detailed tables,estimated,s11a_acs_2024_5yr,high,real,verified,ACS housing-unit estimate; distinct from 2020 enumeration.
OBS-POP-ZONE-39171-OCC,occupied_housing_units,15476.0,housing_units,2024,2025,2020-2024,39171,county,POP-ZONE-39171,ACS 2024 5-year detailed tables,estimated,s11a_acs_2024_5yr,high,real,verified,Occupied unit estimate; not a utility connection or household welfare measure.
OBS-POP-ZONE-39171-VAC,vacant_housing_units,1088.0,housing_units,2024,2025,2020-2024,39171,county,POP-ZONE-39171,ACS 2024 5-year detailed tables,estimated,s11a_acs_2024_5yr,high,real,verified,Vacancy is descriptive housing context; no reason for vacancy is inferred.
OBS-POP-ZONE-39171-VACSH,vacancy_rate,6.568461724221203,percent,2024,2025,2020-2024,39171,county,POP-ZONE-39171,ACS 2024 5-year detailed tables,estimated,s11a_acs_2024_5yr,high,real,verified,Vacancy rate is not a neighborhood-quality or vulnerability score.
OBS-POP-ZONE-39171-MEDAGE,median_age,41.6,years,2024,2025,2020-2024,39171,county,POP-ZONE-39171,ACS 2024 5-year detailed tables,estimated,s11a_acs_2024_5yr,moderate,real,verified,Descriptive aggregate age context only.
OBS-POP-ZONE-39171-UNDER18,age_under_18_share,22.01585010485035,percent,2024,2025,2020-2024,39171,county,POP-ZONE-39171,ACS 2024 5-year detailed tables,estimated,s11a_acs_2024_5yr,moderate,real,verified,Descriptive aggregate age structure; no vulnerability ranking.
OBS-POP-ZONE-39171-AGE65,age_65_plus_share,20.06590593425747,percent,2024,2025,2020-2024,39171,county,POP-ZONE-39171,ACS 2024 5-year detailed tables,estimated,s11a_acs_2024_5yr,moderate,real,verified,Descriptive aggregate age structure; no vulnerability ranking.
OBS-POP-ZONE-39171-HHSIZE,average_household_size,2.31,persons_per_household,2024,2025,2020-2024,39171,county,POP-ZONE-39171,ACS 2024 5-year detailed tables,estimated,s11a_acs_2024_5yr,moderate,real,verified,Aggregate household-size estimate; no household-level inference.
OBS-POP-ZONE-39171-HOUSAGE,median_year_structure_built,1966.0,year,2024,2025,2020-2024,39171,county,POP-ZONE-39171,ACS 2024 5-year detailed tables,estimated,s11a_acs_2024_5yr,moderate,real,verified,Descriptive housing-age context; not a condition or maintenance score.
OBS-POP-ZONE-39171-DRIVE_ALONE_SHARE,drive_alone_share,85.86815773984698,percent,2024,2025,2020-2024,39171,county,POP-ZONE-39171,ACS 2024 5-year B08301/B08303,estimated,s11b_acs_commute_2024,moderate,real,verified,Residence-based commuting estimate; commuting is not migration or individual movement.
OBS-POP-ZONE-39171-CARPOOL_SHARE,carpool_share,8.322542672160093,percent,2024,2025,2020-2024,39171,county,POP-ZONE-39171,ACS 2024 5-year B08301/B08303,estimated,s11b_acs_commute_2024,moderate,real,verified,Residence-based commuting estimate; commuting is not migration or individual movement.
OBS-POP-ZONE-39171-PUBLIC_TRANSIT_SHARE,public_transit_share,0.5709240729841083,percent,2024,2025,2020-2024,39171,county,POP-ZONE-39171,ACS 2024 5-year B08301/B08303,estimated,s11b_acs_commute_2024,moderate,real,verified,Residence-based commuting estimate; commuting is not migration or individual movement.
OBS-POP-ZONE-39171-WALK_SHARE,walk_share,1.918775750441436,percent,2024,2025,2020-2024,39171,county,POP-ZONE-39171,ACS 2024 5-year B08301/B08303,estimated,s11b_acs_commute_2024,moderate,real,verified,Residence-based commuting estimate; commuting is not migration or individual movement.
OBS-POP-ZONE-39171-WORK_FROM_HOME_SHARE,work_from_home_share,2.6603884638022364,percent,2024,2025,2020-2024,39171,county,POP-ZONE-39171,ACS 2024 5-year B08301/B08303,estimated,s11b_acs_commute_2024,moderate,real,verified,Residence-based commuting estimate; commuting is not migration or individual movement.
OBS-POP-ZONE-39171-COMMUTE_45_PLUS_SHARE,commute_45_plus_share,7.116942798403676,percent,2024,2025,2020-2024,39171,county,POP-ZONE-39171,ACS 2024 5-year B08301/B08303,estimated,s11b_acs_commute_2024,moderate,real,verified,Residence-based commuting estimate; commuting is not migration or individual movement.
OBS-POP-ZONE-39173-POP20,population_count,132248.0,persons,2020,2021,2020-04-01 enumeration,39173,county,POP-ZONE-39173,2020 Decennial Census P.L. 94-171 P1,observed,s11a_decennial_oh_pl,high,real,verified,Enumerated 2020 person count.
OBS-POP-ZONE-39173-HU20,housing_unit_count,56863.0,housing_units,2020,2021,2020-04-01 enumeration,39173,county,POP-ZONE-39173,2020 Decennial Census P.L. 94-171 H1/geography,observed,s11a_decennial_oh_pl,high,real,verified,Enumerated housing units; not households or occupied units.
OBS-POP-ZONE-39173-DENS20,population_density,213.12154801341694,persons_per_square_mile,2020,2021,2020-04-01 enumeration and 2020 geography,39173,county,POP-ZONE-39173,2020 Decennial Census P.L. 94-171 plus Census geography area,observed,s11a_tiger_counties,high,real,verified,Density is a derived ratio and is not a block-level observation.
OBS-POP-ZONE-39173-PEP20,population_estimate,132267.0,persons,2020,2025,July 1 annual estimate,39173,county,POP-ZONE-39173,2024 Vintage Population Estimates Program,estimated,s11a_pep_county_2024,high,real,verified,PEP estimate; distinct from 2020 Census enumeration.
OBS-POP-ZONE-39173-PEP24,population_estimate,133077.0,persons,2024,2025,July 1 annual estimate,39173,county,POP-ZONE-39173,2024 Vintage Population Estimates Program,estimated,s11a_pep_county_2024,high,real,verified,Latest available PEP point estimate in this package; not a 2026 Census observation.
OBS-POP-ZONE-39173-PEPCHG,population_change,810.0,persons,2020-2024,2025,July 1 annual estimates,39173,county,POP-ZONE-39173,2024 Vintage Population Estimates Program,estimated,s11a_pep_county_2024,high,real,verified,Difference between PEP estimates; not a causal migration finding.
OBS-POP-ZONE-39173-PEPCHGPCT,population_change_percent,0.6123976502075347,percent,2020-2024,2025,July 1 annual estimates,39173,county,POP-ZONE-39173,2024 Vintage Population Estimates Program,estimated,s11a_pep_county_2024,high,real,verified,Percentage change in PEP estimates; not a causal explanation.
OBS-POP-ZONE-39173-ACSP,population_count,132064.0,persons,2024,2025,2020-2024,39173,county,POP-ZONE-39173,ACS 2024 5-year detailed tables,estimated,s11a_acs_2024_5yr,high,real,verified,ACS estimate; not an enumerated 2026 count.
OBS-POP-ZONE-39173-HH,household_count,54257.0,households,2024,2025,2020-2024,39173,county,POP-ZONE-39173,ACS 2024 5-year detailed tables,estimated,s11a_acs_2024_5yr,high,real,verified,Households are not persons or housing units.
OBS-POP-ZONE-39173-HUACS,housing_unit_count,57649.0,housing_units,2024,2025,2020-2024,39173,county,POP-ZONE-39173,ACS 2024 5-year detailed tables,estimated,s11a_acs_2024_5yr,high,real,verified,ACS housing-unit estimate; distinct from 2020 enumeration.
OBS-POP-ZONE-39173-OCC,occupied_housing_units,54257.0,housing_units,2024,2025,2020-2024,39173,county,POP-ZONE-39173,ACS 2024 5-year detailed tables,estimated,s11a_acs_2024_5yr,high,real,verified,Occupied unit estimate; not a utility connection or household welfare measure.
OBS-POP-ZONE-39173-VAC,vacant_housing_units,3392.0,housing_units,2024,2025,2020-2024,39173,county,POP-ZONE-39173,ACS 2024 5-year detailed tables,estimated,s11a_acs_2024_5yr,high,real,verified,Vacancy is descriptive housing context; no reason for vacancy is inferred.
OBS-POP-ZONE-39173-VACSH,vacancy_rate,5.88388350188208,percent,2024,2025,2020-2024,39173,county,POP-ZONE-39173,ACS 2024 5-year detailed tables,estimated,s11a_acs_2024_5yr,high,real,verified,Vacancy rate is not a neighborhood-quality or vulnerability score.
OBS-POP-ZONE-39173-MEDAGE,median_age,36.2,years,2024,2025,2020-2024,39173,county,POP-ZONE-39173,ACS 2024 5-year detailed tables,estimated,s11a_acs_2024_5yr,moderate,real,verified,Descriptive aggregate age context only.
OBS-POP-ZONE-39173-UNDER18,age_under_18_share,20.23185728131815,percent,2024,2025,2020-2024,39173,county,POP-ZONE-39173,ACS 2024 5-year detailed tables,estimated,s11a_acs_2024_5yr,moderate,real,verified,Descriptive aggregate age structure; no vulnerability ranking.
OBS-POP-ZONE-39173-AGE65,age_65_plus_share,16.68887811969954,percent,2024,2025,2020-2024,39173,county,POP-ZONE-39173,ACS 2024 5-year detailed tables,estimated,s11a_acs_2024_5yr,moderate,real,verified,Descriptive aggregate age structure; no vulnerability ranking.
OBS-POP-ZONE-39173-HHSIZE,average_household_size,2.33,persons_per_household,2024,2025,2020-2024,39173,county,POP-ZONE-39173,ACS 2024 5-year detailed tables,estimated,s11a_acs_2024_5yr,moderate,real,verified,Aggregate household-size estimate; no household-level inference.
OBS-POP-ZONE-39173-HOUSAGE,median_year_structure_built,1978.0,year,2024,2025,2020-2024,39173,county,POP-ZONE-39173,ACS 2024 5-year detailed tables,estimated,s11a_acs_2024_5yr,moderate,real,verified,Descriptive housing-age context; not a condition or maintenance score.
OBS-POP-ZONE-39173-DRIVE_ALONE_SHARE,drive_alone_share,80.00818901458858,percent,2024,2025,2020-2024,39173,county,POP-ZONE-39173,ACS 2024 5-year B08301/B08303,estimated,s11b_acs_commute_2024,moderate,real,verified,Residence-based commuting estimate; commuting is not migration or individual movement.
OBS-POP-ZONE-39173-CARPOOL_SHARE,carpool_share,5.9779806496618235,percent,2024,2025,2020-2024,39173,county,POP-ZONE-39173,ACS 2024 5-year B08301/B08303,estimated,s11b_acs_commute_2024,moderate,real,verified,Residence-based commuting estimate; commuting is not migration or individual movement.
OBS-POP-ZONE-39173-PUBLIC_TRANSIT_SHARE,public_transit_share,0.12435170301173758,percent,2024,2025,2020-2024,39173,county,POP-ZONE-39173,ACS 2024 5-year B08301/B08303,estimated,s11b_acs_commute_2024,moderate,real,verified,Residence-based commuting estimate; commuting is not migration or individual movement.
OBS-POP-ZONE-39173-WALK_SHARE,walk_share,2.608352794880349,percent,2024,2025,2020-2024,39173,county,POP-ZONE-39173,ACS 2024 5-year B08301/B08303,estimated,s11b_acs_commute_2024,moderate,real,verified,Residence-based commuting estimate; commuting is not migration or individual movement.
OBS-POP-ZONE-39173-WORK_FROM_HOME_SHARE,work_from_home_share,10.34090564435413,percent,2024,2025,2020-2024,39173,county,POP-ZONE-39173,ACS 2024 5-year B08301/B08303,estimated,s11b_acs_commute_2024,moderate,real,verified,Residence-based commuting estimate; commuting is not migration or individual movement.
OBS-POP-ZONE-39173-COMMUTE_45_PLUS_SHARE,commute_45_plus_share,6.6285540314260105,percent,2024,2025,2020-2024,39173,county,POP-ZONE-39173,ACS 2024 5-year B08301/B08303,estimated,s11b_acs_commute_2024,moderate,real,verified,Residence-based commuting estimate; commuting is not migration or individual movement.
OBS-POP-ZONE-26091-POP20,population_count,99423.0,persons,2020,2021,2020-04-01 enumeration,26091,county,POP-ZONE-26091,2020 Decennial Census P.L. 94-171 P1,observed,s11a_decennial_mi_pl,high,real,verified,Enumerated 2020 person count.
OBS-POP-ZONE-26091-HU20,housing_unit_count,43577.0,housing_units,2020,2021,2020-04-01 enumeration,26091,county,POP-ZONE-26091,2020 Decennial Census P.L. 94-171 H1/geography,observed,s11a_decennial_mi_pl,high,real,verified,Enumerated housing units; not households or occupied units.
OBS-POP-ZONE-26091-DENS20,population_density,130.57874259683493,persons_per_square_mile,2020,2021,2020-04-01 enumeration and 2020 geography,26091,county,POP-ZONE-26091,2020 Decennial Census P.L. 94-171 plus Census geography area,observed,s11a_tiger_counties,high,real,verified,Density is a derived ratio and is not a block-level observation.
OBS-POP-ZONE-26091-PEP20,population_estimate,99318.0,persons,2020,2025,July 1 annual estimate,26091,county,POP-ZONE-26091,2024 Vintage Population Estimates Program,estimated,s11a_pep_county_2024,high,real,verified,PEP estimate; distinct from 2020 Census enumeration.
OBS-POP-ZONE-26091-PEP24,population_estimate,97746.0,persons,2024,2025,July 1 annual estimate,26091,county,POP-ZONE-26091,2024 Vintage Population Estimates Program,estimated,s11a_pep_county_2024,high,real,verified,Latest available PEP point estimate in this package; not a 2026 Census observation.
OBS-POP-ZONE-26091-PEPCHG,population_change,-1572.0,persons,2020-2024,2025,July 1 annual estimates,26091,county,POP-ZONE-26091,2024 Vintage Population Estimates Program,estimated,s11a_pep_county_2024,high,real,verified,Difference between PEP estimates; not a causal migration finding.
OBS-POP-ZONE-26091-PEPCHGPCT,population_change_percent,-1.5827946595783242,percent,2020-2024,2025,July 1 annual estimates,26091,county,POP-ZONE-26091,2024 Vintage Population Estimates Program,estimated,s11a_pep_county_2024,high,real,verified,Percentage change in PEP estimates; not a causal explanation.
OBS-POP-ZONE-26091-ACSP,population_count,98415.0,persons,2024,2025,2020-2024,26091,county,POP-ZONE-26091,ACS 2024 5-year detailed tables,estimated,s11a_acs_2024_5yr,high,real,verified,ACS estimate; not an enumerated 2026 count.
OBS-POP-ZONE-26091-HH,household_count,38871.0,households,2024,2025,2020-2024,26091,county,POP-ZONE-26091,ACS 2024 5-year detailed tables,estimated,s11a_acs_2024_5yr,high,real,verified,Households are not persons or housing units.
OBS-POP-ZONE-26091-HUACS,housing_unit_count,43761.0,housing_units,2024,2025,2020-2024,26091,county,POP-ZONE-26091,ACS 2024 5-year detailed tables,estimated,s11a_acs_2024_5yr,high,real,verified,ACS housing-unit estimate; distinct from 2020 enumeration.
OBS-POP-ZONE-26091-OCC,occupied_housing_units,38871.0,housing_units,2024,2025,2020-2024,26091,county,POP-ZONE-26091,ACS 2024 5-year detailed tables,estimated,s11a_acs_2024_5yr,high,real,verified,Occupied unit estimate; not a utility connection or household welfare measure.
OBS-POP-ZONE-26091-VAC,vacant_housing_units,4890.0,housing_units,2024,2025,2020-2024,26091,county,POP-ZONE-26091,ACS 2024 5-year detailed tables,estimated,s11a_acs_2024_5yr,high,real,verified,Vacancy is descriptive housing context; no reason for vacancy is inferred.
OBS-POP-ZONE-26091-VACSH,vacancy_rate,11.174333310481936,percent,2024,2025,2020-2024,26091,county,POP-ZONE-26091,ACS 2024 5-year detailed tables,estimated,s11a_acs_2024_5yr,high,real,verified,Vacancy rate is not a neighborhood-quality or vulnerability score.
OBS-POP-ZONE-26091-MEDAGE,median_age,42.4,years,2024,2025,2020-2024,26091,county,POP-ZONE-26091,ACS 2024 5-year detailed tables,estimated,s11a_acs_2024_5yr,moderate,real,verified,Descriptive aggregate age context only.
OBS-POP-ZONE-26091-UNDER18,age_under_18_share,20.542600213382105,percent,2024,2025,2020-2024,26091,county,POP-ZONE-26091,ACS 2024 5-year detailed tables,estimated,s11a_acs_2024_5yr,moderate,real,verified,Descriptive aggregate age structure; no vulnerability ranking.
OBS-POP-ZONE-26091-AGE65,age_65_plus_share,20.345475791291978,percent,2024,2025,2020-2024,26091,county,POP-ZONE-26091,ACS 2024 5-year detailed tables,estimated,s11a_acs_2024_5yr,moderate,real,verified,Descriptive aggregate age structure; no vulnerability ranking.
OBS-POP-ZONE-26091-HHSIZE,average_household_size,2.41,persons_per_household,2024,2025,2020-2024,26091,county,POP-ZONE-26091,ACS 2024 5-year detailed tables,estimated,s11a_acs_2024_5yr,moderate,real,verified,Aggregate household-size estimate; no household-level inference.
OBS-POP-ZONE-26091-HOUSAGE,median_year_structure_built,1968.0,year,2024,2025,2020-2024,26091,county,POP-ZONE-26091,ACS 2024 5-year detailed tables,estimated,s11a_acs_2024_5yr,moderate,real,verified,Descriptive housing-age context; not a condition or maintenance score.
OBS-POP-ZONE-26091-DRIVE_ALONE_SHARE,drive_alone_share,79.03496086128136,percent,2024,2025,2020-2024,26091,county,POP-ZONE-26091,ACS 2024 5-year B08301/B08303,estimated,s11b_acs_commute_2024,moderate,real,verified,Residence-based commuting estimate; commuting is not migration or individual movement.
OBS-POP-ZONE-26091-CARPOOL_SHARE,carpool_share,7.846107935633451,percent,2024,2025,2020-2024,26091,county,POP-ZONE-26091,ACS 2024 5-year B08301/B08303,estimated,s11b_acs_commute_2024,moderate,real,verified,Residence-based commuting estimate; commuting is not migration or individual movement.
OBS-POP-ZONE-26091-PUBLIC_TRANSIT_SHARE,public_transit_share,0.2869407524734293,percent,2024,2025,2020-2024,26091,county,POP-ZONE-26091,ACS 2024 5-year B08301/B08303,estimated,s11b_acs_commute_2024,moderate,real,verified,Residence-based commuting estimate; commuting is not migration or individual movement.
OBS-POP-ZONE-26091-WALK_SHARE,walk_share,2.575580194201501,percent,2024,2025,2020-2024,26091,county,POP-ZONE-26091,ACS 2024 5-year B08301/B08303,estimated,s11b_acs_commute_2024,moderate,real,verified,Residence-based commuting estimate; commuting is not migration or individual movement.
OBS-POP-ZONE-26091-WORK_FROM_HOME_SHARE,work_from_home_share,9.094874090397814,percent,2024,2025,2020-2024,26091,county,POP-ZONE-26091,ACS 2024 5-year B08301/B08303,estimated,s11b_acs_commute_2024,moderate,real,verified,Residence-based commuting estimate; commuting is not migration or individual movement.
OBS-POP-ZONE-26091-COMMUTE_45_PLUS_SHARE,commute_45_plus_share,22.049948233630463,percent,2024,2025,2020-2024,26091,county,POP-ZONE-26091,ACS 2024 5-year B08301/B08303,estimated,s11b_acs_commute_2024,moderate,real,verified,Residence-based commuting estimate; commuting is not migration or individual movement.
OBS-POP-ZONE-26115-POP20,population_count,154809.0,persons,2020,2021,2020-04-01 enumeration,26115,county,POP-ZONE-26115,2020 Decennial Census P.L. 94-171 P1,observed,s11a_decennial_mi_pl,high,real,verified,Enumerated 2020 person count.
OBS-POP-ZONE-26115-HU20,housing_unit_count,65845.0,housing_units,2020,2021,2020-04-01 enumeration,26115,county,POP-ZONE-26115,2020 Decennial Census P.L. 94-171 H1/geography,observed,s11a_decennial_mi_pl,high,real,verified,Enumerated housing units; not households or occupied units.
OBS-POP-ZONE-26115-DENS20,population_density,227.68208304068767,persons_per_square_mile,2020,2021,2020-04-01 enumeration and 2020 geography,26115,county,POP-ZONE-26115,2020 Decennial Census P.L. 94-171 plus Census geography area,observed,s11a_tiger_counties,high,real,verified,Density is a derived ratio and is not a block-level observation.
OBS-POP-ZONE-26115-PEP20,population_estimate,154909.0,persons,2020,2025,July 1 annual estimate,26115,county,POP-ZONE-26115,2024 Vintage Population Estimates Program,estimated,s11a_pep_county_2024,high,real,verified,PEP estimate; distinct from 2020 Census enumeration.
OBS-POP-ZONE-26115-PEP24,population_estimate,156045.0,persons,2024,2025,July 1 annual estimate,26115,county,POP-ZONE-26115,2024 Vintage Population Estimates Program,estimated,s11a_pep_county_2024,high,real,verified,Latest available PEP point estimate in this package; not a 2026 Census observation.
OBS-POP-ZONE-26115-PEPCHG,population_change,1136.0,persons,2020-2024,2025,July 1 annual estimates,26115,county,POP-ZONE-26115,2024 Vintage Population Estimates Program,estimated,s11a_pep_county_2024,high,real,verified,Difference between PEP estimates; not a causal migration finding.
OBS-POP-ZONE-26115-PEPCHGPCT,population_change_percent,0.7333337636935232,percent,2020-2024,2025,July 1 annual estimates,26115,county,POP-ZONE-26115,2024 Vintage Population Estimates Program,estimated,s11a_pep_county_2024,high,real,verified,Percentage change in PEP estimates; not a causal explanation.
OBS-POP-ZONE-26115-ACSP,population_count,155505.0,persons,2024,2025,2020-2024,26115,county,POP-ZONE-26115,ACS 2024 5-year detailed tables,estimated,s11a_acs_2024_5yr,high,real,verified,ACS estimate; not an enumerated 2026 count.
OBS-POP-ZONE-26115-HH,household_count,63029.0,households,2024,2025,2020-2024,26115,county,POP-ZONE-26115,ACS 2024 5-year detailed tables,estimated,s11a_acs_2024_5yr,high,real,verified,Households are not persons or housing units.
OBS-POP-ZONE-26115-HUACS,housing_unit_count,66594.0,housing_units,2024,2025,2020-2024,26115,county,POP-ZONE-26115,ACS 2024 5-year detailed tables,estimated,s11a_acs_2024_5yr,high,real,verified,ACS housing-unit estimate; distinct from 2020 enumeration.
OBS-POP-ZONE-26115-OCC,occupied_housing_units,63029.0,housing_units,2024,2025,2020-2024,26115,county,POP-ZONE-26115,ACS 2024 5-year detailed tables,estimated,s11a_acs_2024_5yr,high,real,verified,Occupied unit estimate; not a utility connection or household welfare measure.
OBS-POP-ZONE-26115-VAC,vacant_housing_units,3565.0,housing_units,2024,2025,2020-2024,26115,county,POP-ZONE-26115,ACS 2024 5-year detailed tables,estimated,s11a_acs_2024_5yr,high,real,verified,Vacancy is descriptive housing context; no reason for vacancy is inferred.
OBS-POP-ZONE-26115-VACSH,vacancy_rate,5.353335135297474,percent,2024,2025,2020-2024,26115,county,POP-ZONE-26115,ACS 2024 5-year detailed tables,estimated,s11a_acs_2024_5yr,high,real,verified,Vacancy rate is not a neighborhood-quality or vulnerability score.
OBS-POP-ZONE-26115-MEDAGE,median_age,42.8,years,2024,2025,2020-2024,26115,county,POP-ZONE-26115,ACS 2024 5-year detailed tables,estimated,s11a_acs_2024_5yr,moderate,real,verified,Descriptive aggregate age context only.
OBS-POP-ZONE-26115-UNDER18,age_under_18_share,20.913796984019804,percent,2024,2025,2020-2024,26115,county,POP-ZONE-26115,ACS 2024 5-year detailed tables,estimated,s11a_acs_2024_5yr,moderate,real,verified,Descriptive aggregate age structure; no vulnerability ranking.
OBS-POP-ZONE-26115-AGE65,age_65_plus_share,19.890035690170734,percent,2024,2025,2020-2024,26115,county,POP-ZONE-26115,ACS 2024 5-year detailed tables,estimated,s11a_acs_2024_5yr,moderate,real,verified,Descriptive aggregate age structure; no vulnerability ranking.
OBS-POP-ZONE-26115-HHSIZE,average_household_size,2.45,persons_per_household,2024,2025,2020-2024,26115,county,POP-ZONE-26115,ACS 2024 5-year detailed tables,estimated,s11a_acs_2024_5yr,moderate,real,verified,Aggregate household-size estimate; no household-level inference.
OBS-POP-ZONE-26115-HOUSAGE,median_year_structure_built,1974.0,year,2024,2025,2020-2024,26115,county,POP-ZONE-26115,ACS 2024 5-year detailed tables,estimated,s11a_acs_2024_5yr,moderate,real,verified,Descriptive housing-age context; not a condition or maintenance score.
OBS-POP-ZONE-26115-DRIVE_ALONE_SHARE,drive_alone_share,81.52962043277758,percent,2024,2025,2020-2024,26115,county,POP-ZONE-26115,ACS 2024 5-year B08301/B08303,estimated,s11b_acs_commute_2024,moderate,real,verified,Residence-based commuting estimate; commuting is not migration or individual movement.
OBS-POP-ZONE-26115-CARPOOL_SHARE,carpool_share,6.9882937211777225,percent,2024,2025,2020-2024,26115,county,POP-ZONE-26115,ACS 2024 5-year B08301/B08303,estimated,s11b_acs_commute_2024,moderate,real,verified,Residence-based commuting estimate; commuting is not migration or individual movement.
OBS-POP-ZONE-26115-PUBLIC_TRANSIT_SHARE,public_transit_share,0.190138346931536,percent,2024,2025,2020-2024,26115,county,POP-ZONE-26115,ACS 2024 5-year B08301/B08303,estimated,s11b_acs_commute_2024,moderate,real,verified,Residence-based commuting estimate; commuting is not migration or individual movement.
OBS-POP-ZONE-26115-WALK_SHARE,walk_share,1.3196168854203618,percent,2024,2025,2020-2024,26115,county,POP-ZONE-26115,ACS 2024 5-year B08301/B08303,estimated,s11b_acs_commute_2024,moderate,real,verified,Residence-based commuting estimate; commuting is not migration or individual movement.
OBS-POP-ZONE-26115-WORK_FROM_HOME_SHARE,work_from_home_share,8.84568996097907,percent,2024,2025,2020-2024,26115,county,POP-ZONE-26115,ACS 2024 5-year B08301/B08303,estimated,s11b_acs_commute_2024,moderate,real,verified,Residence-based commuting estimate; commuting is not migration or individual movement.
OBS-POP-ZONE-26115-COMMUTE_45_PLUS_SHARE,commute_45_plus_share,16.059837175635497,percent,2024,2025,2020-2024,26115,county,POP-ZONE-26115,ACS 2024 5-year B08301/B08303,estimated,s11b_acs_commute_2024,moderate,real,verified,Residence-based commuting estimate; commuting is not migration or individual movement.
OBS-POP-ZONE-18003-POP20,population_count,385410.0,persons,2020,2021,2020-04-01 enumeration,18003,county,POP-ZONE-18003,2020 Decennial Census P.L. 94-171 P1,observed,s11a_decennial_in_pl,high,real,verified,Enumerated 2020 person count.
OBS-POP-ZONE-18003-HU20,housing_unit_count,162431.0,housing_units,2020,2021,2020-04-01 enumeration,18003,county,POP-ZONE-18003,2020 Decennial Census P.L. 94-171 H1/geography,observed,s11a_decennial_in_pl,high,real,verified,Enumerated housing units; not households or occupied units.
OBS-POP-ZONE-18003-DENS20,population_density,583.9694434949847,persons_per_square_mile,2020,2021,2020-04-01 enumeration and 2020 geography,18003,county,POP-ZONE-18003,2020 Decennial Census P.L. 94-171 plus Census geography area,observed,s11a_tiger_counties,high,real,verified,Density is a derived ratio and is not a block-level observation.
OBS-POP-ZONE-18003-PEP20,population_estimate,386123.0,persons,2020,2025,July 1 annual estimate,18003,county,POP-ZONE-18003,2024 Vintage Population Estimates Program,estimated,s11a_pep_county_2024,high,real,verified,PEP estimate; distinct from 2020 Census enumeration.
OBS-POP-ZONE-18003-PEP24,population_estimate,399295.0,persons,2024,2025,July 1 annual estimate,18003,county,POP-ZONE-18003,2024 Vintage Population Estimates Program,estimated,s11a_pep_county_2024,high,real,verified,Latest available PEP point estimate in this package; not a 2026 Census observation.
OBS-POP-ZONE-18003-PEPCHG,population_change,13172.0,persons,2020-2024,2025,July 1 annual estimates,18003,county,POP-ZONE-18003,2024 Vintage Population Estimates Program,estimated,s11a_pep_county_2024,high,real,verified,Difference between PEP estimates; not a causal migration finding.
OBS-POP-ZONE-18003-PEPCHGPCT,population_change_percent,3.4113481973360824,percent,2020-2024,2025,July 1 annual estimates,18003,county,POP-ZONE-18003,2024 Vintage Population Estimates Program,estimated,s11a_pep_county_2024,high,real,verified,Percentage change in PEP estimates; not a causal explanation.
OBS-POP-ZONE-18003-ACSP,population_count,392378.0,persons,2024,2025,2020-2024,18003,county,POP-ZONE-18003,ACS 2024 5-year detailed tables,estimated,s11a_acs_2024_5yr,high,real,verified,ACS estimate; not an enumerated 2026 count.
OBS-POP-ZONE-18003-HH,household_count,156570.0,households,2024,2025,2020-2024,18003,county,POP-ZONE-18003,ACS 2024 5-year detailed tables,estimated,s11a_acs_2024_5yr,high,real,verified,Households are not persons or housing units.
OBS-POP-ZONE-18003-HUACS,housing_unit_count,166285.0,housing_units,2024,2025,2020-2024,18003,county,POP-ZONE-18003,ACS 2024 5-year detailed tables,estimated,s11a_acs_2024_5yr,high,real,verified,ACS housing-unit estimate; distinct from 2020 enumeration.
OBS-POP-ZONE-18003-OCC,occupied_housing_units,156570.0,housing_units,2024,2025,2020-2024,18003,county,POP-ZONE-18003,ACS 2024 5-year detailed tables,estimated,s11a_acs_2024_5yr,high,real,verified,Occupied unit estimate; not a utility connection or household welfare measure.
OBS-POP-ZONE-18003-VAC,vacant_housing_units,9715.0,housing_units,2024,2025,2020-2024,18003,county,POP-ZONE-18003,ACS 2024 5-year detailed tables,estimated,s11a_acs_2024_5yr,high,real,verified,Vacancy is descriptive housing context; no reason for vacancy is inferred.
OBS-POP-ZONE-18003-VACSH,vacancy_rate,5.842379048019965,percent,2024,2025,2020-2024,18003,county,POP-ZONE-18003,ACS 2024 5-year detailed tables,estimated,s11a_acs_2024_5yr,high,real,verified,Vacancy rate is not a neighborhood-quality or vulnerability score.
OBS-POP-ZONE-18003-MEDAGE,median_age,36.2,years,2024,2025,2020-2024,18003,county,POP-ZONE-18003,ACS 2024 5-year detailed tables,estimated,s11a_acs_2024_5yr,moderate,real,verified,Descriptive aggregate age context only.
OBS-POP-ZONE-18003-UNDER18,age_under_18_share,25.3913318279822,percent,2024,2025,2020-2024,18003,county,POP-ZONE-18003,ACS 2024 5-year detailed tables,estimated,s11a_acs_2024_5yr,moderate,real,verified,Descriptive aggregate age structure; no vulnerability ranking.
OBS-POP-ZONE-18003-AGE65,age_65_plus_share,15.617083526599352,percent,2024,2025,2020-2024,18003,county,POP-ZONE-18003,ACS 2024 5-year detailed tables,estimated,s11a_acs_2024_5yr,moderate,real,verified,Descriptive aggregate age structure; no vulnerability ranking.
OBS-POP-ZONE-18003-HHSIZE,average_household_size,2.47,persons_per_household,2024,2025,2020-2024,18003,county,POP-ZONE-18003,ACS 2024 5-year detailed tables,estimated,s11a_acs_2024_5yr,moderate,real,verified,Aggregate household-size estimate; no household-level inference.
OBS-POP-ZONE-18003-HOUSAGE,median_year_structure_built,1976.0,year,2024,2025,2020-2024,18003,county,POP-ZONE-18003,ACS 2024 5-year detailed tables,estimated,s11a_acs_2024_5yr,moderate,real,verified,Descriptive housing-age context; not a condition or maintenance score.
OBS-POP-ZONE-18003-DRIVE_ALONE_SHARE,drive_alone_share,77.55898630935042,percent,2024,2025,2020-2024,18003,county,POP-ZONE-18003,ACS 2024 5-year B08301/B08303,estimated,s11b_acs_commute_2024,moderate,real,verified,Residence-based commuting estimate; commuting is not migration or individual movement.
OBS-POP-ZONE-18003-CARPOOL_SHARE,carpool_share,9.934062442072928,percent,2024,2025,2020-2024,18003,county,POP-ZONE-18003,ACS 2024 5-year B08301/B08303,estimated,s11b_acs_commute_2024,moderate,real,verified,Residence-based commuting estimate; commuting is not migration or individual movement.
OBS-POP-ZONE-18003-PUBLIC_TRANSIT_SHARE,public_transit_share,0.6869157641077245,percent,2024,2025,2020-2024,18003,county,POP-ZONE-18003,ACS 2024 5-year B08301/B08303,estimated,s11b_acs_commute_2024,moderate,real,verified,Residence-based commuting estimate; commuting is not migration or individual movement.
OBS-POP-ZONE-18003-WALK_SHARE,walk_share,1.309747636575484,percent,2024,2025,2020-2024,18003,county,POP-ZONE-18003,ACS 2024 5-year B08301/B08303,estimated,s11b_acs_commute_2024,moderate,real,verified,Residence-based commuting estimate; commuting is not migration or individual movement.
OBS-POP-ZONE-18003-WORK_FROM_HOME_SHARE,work_from_home_share,9.24502820220851,percent,2024,2025,2020-2024,18003,county,POP-ZONE-18003,ACS 2024 5-year B08301/B08303,estimated,s11b_acs_commute_2024,moderate,real,verified,Residence-based commuting estimate; commuting is not migration or individual movement.
OBS-POP-ZONE-18003-COMMUTE_45_PLUS_SHARE,commute_45_plus_share,7.1236410109769555,percent,2024,2025,2020-2024,18003,county,POP-ZONE-18003,ACS 2024 5-year B08301/B08303,estimated,s11b_acs_commute_2024,moderate,real,verified,Residence-based commuting estimate; commuting is not migration or individual movement.
OBS-POP-ZONE-18033-POP20,population_count,43265.0,persons,2020,2021,2020-04-01 enumeration,18033,county,POP-ZONE-18033,2020 Decennial Census P.L. 94-171 P1,observed,s11a_decennial_in_pl,high,real,verified,Enumerated 2020 person count.
OBS-POP-ZONE-18033-HU20,housing_unit_count,18096.0,housing_units,2020,2021,2020-04-01 enumeration,18033,county,POP-ZONE-18033,2020 Decennial Census P.L. 94-171 H1/geography,observed,s11a_decennial_in_pl,high,real,verified,Enumerated housing units; not households or occupied units.
OBS-POP-ZONE-18033-DENS20,population_density,118.90560461752702,persons_per_square_mile,2020,2021,2020-04-01 enumeration and 2020 geography,18033,county,POP-ZONE-18033,2020 Decennial Census P.L. 94-171 plus Census geography area,observed,s11a_tiger_counties,high,real,verified,Density is a derived ratio and is not a block-level observation.
OBS-POP-ZONE-18033-PEP20,population_estimate,43306.0,persons,2020,2025,July 1 annual estimate,18033,county,POP-ZONE-18033,2024 Vintage Population Estimates Program,estimated,s11a_pep_county_2024,high,real,verified,PEP estimate; distinct from 2020 Census enumeration.
OBS-POP-ZONE-18033-PEP24,population_estimate,44330.0,persons,2024,2025,July 1 annual estimate,18033,county,POP-ZONE-18033,2024 Vintage Population Estimates Program,estimated,s11a_pep_county_2024,high,real,verified,Latest available PEP point estimate in this package; not a 2026 Census observation.
OBS-POP-ZONE-18033-PEPCHG,population_change,1024.0,persons,2020-2024,2025,July 1 annual estimates,18033,county,POP-ZONE-18033,2024 Vintage Population Estimates Program,estimated,s11a_pep_county_2024,high,real,verified,Difference between PEP estimates; not a causal migration finding.
OBS-POP-ZONE-18033-PEPCHGPCT,population_change_percent,2.3645684200803583,percent,2020-2024,2025,July 1 annual estimates,18033,county,POP-ZONE-18033,2024 Vintage Population Estimates Program,estimated,s11a_pep_county_2024,high,real,verified,Percentage change in PEP estimates; not a causal explanation.
OBS-POP-ZONE-18033-ACSP,population_count,43807.0,persons,2024,2025,2020-2024,18033,county,POP-ZONE-18033,ACS 2024 5-year detailed tables,estimated,s11a_acs_2024_5yr,high,real,verified,ACS estimate; not an enumerated 2026 count.
OBS-POP-ZONE-18033-HH,household_count,17096.0,households,2024,2025,2020-2024,18033,county,POP-ZONE-18033,ACS 2024 5-year detailed tables,estimated,s11a_acs_2024_5yr,high,real,verified,Households are not persons or housing units.
OBS-POP-ZONE-18033-HUACS,housing_unit_count,18384.0,housing_units,2024,2025,2020-2024,18033,county,POP-ZONE-18033,ACS 2024 5-year detailed tables,estimated,s11a_acs_2024_5yr,high,real,verified,ACS housing-unit estimate; distinct from 2020 enumeration.
OBS-POP-ZONE-18033-OCC,occupied_housing_units,17096.0,housing_units,2024,2025,2020-2024,18033,county,POP-ZONE-18033,ACS 2024 5-year detailed tables,estimated,s11a_acs_2024_5yr,high,real,verified,Occupied unit estimate; not a utility connection or household welfare measure.
OBS-POP-ZONE-18033-VAC,vacant_housing_units,1288.0,housing_units,2024,2025,2020-2024,18033,county,POP-ZONE-18033,ACS 2024 5-year detailed tables,estimated,s11a_acs_2024_5yr,high,real,verified,Vacancy is descriptive housing context; no reason for vacancy is inferred.
OBS-POP-ZONE-18033-VACSH,vacancy_rate,7.006092254134029,percent,2024,2025,2020-2024,18033,county,POP-ZONE-18033,ACS 2024 5-year detailed tables,estimated,s11a_acs_2024_5yr,high,real,verified,Vacancy rate is not a neighborhood-quality or vulnerability score.
OBS-POP-ZONE-18033-MEDAGE,median_age,38.4,years,2024,2025,2020-2024,18033,county,POP-ZONE-18033,ACS 2024 5-year detailed tables,estimated,s11a_acs_2024_5yr,moderate,real,verified,Descriptive aggregate age context only.
OBS-POP-ZONE-18033-UNDER18,age_under_18_share,24.0897573447166,percent,2024,2025,2020-2024,18033,county,POP-ZONE-18033,ACS 2024 5-year detailed tables,estimated,s11a_acs_2024_5yr,moderate,real,verified,Descriptive aggregate age structure; no vulnerability ranking.
OBS-POP-ZONE-18033-AGE65,age_65_plus_share,17.417307736206542,percent,2024,2025,2020-2024,18033,county,POP-ZONE-18033,ACS 2024 5-year detailed tables,estimated,s11a_acs_2024_5yr,moderate,real,verified,Descriptive aggregate age structure; no vulnerability ranking.
OBS-POP-ZONE-18033-HHSIZE,average_household_size,2.53,persons_per_household,2024,2025,2020-2024,18033,county,POP-ZONE-18033,ACS 2024 5-year detailed tables,estimated,s11a_acs_2024_5yr,moderate,real,verified,Aggregate household-size estimate; no household-level inference.
OBS-POP-ZONE-18033-HOUSAGE,median_year_structure_built,1975.0,year,2024,2025,2020-2024,18033,county,POP-ZONE-18033,ACS 2024 5-year detailed tables,estimated,s11a_acs_2024_5yr,moderate,real,verified,Descriptive housing-age context; not a condition or maintenance score.
OBS-POP-ZONE-18033-DRIVE_ALONE_SHARE,drive_alone_share,81.44520421363889,percent,2024,2025,2020-2024,18033,county,POP-ZONE-18033,ACS 2024 5-year B08301/B08303,estimated,s11b_acs_commute_2024,moderate,real,verified,Residence-based commuting estimate; commuting is not migration or individual movement.
OBS-POP-ZONE-18033-CARPOOL_SHARE,carpool_share,10.894474219183145,percent,2024,2025,2020-2024,18033,county,POP-ZONE-18033,ACS 2024 5-year B08301/B08303,estimated,s11b_acs_commute_2024,moderate,real,verified,Residence-based commuting estimate; commuting is not migration or individual movement.
OBS-POP-ZONE-18033-PUBLIC_TRANSIT_SHARE,public_transit_share,0.1524671964516725,percent,2024,2025,2020-2024,18033,county,POP-ZONE-18033,ACS 2024 5-year B08301/B08303,estimated,s11b_acs_commute_2024,moderate,real,verified,Residence-based commuting estimate; commuting is not migration or individual movement.
OBS-POP-ZONE-18033-WALK_SHARE,walk_share,1.127333210127518,percent,2024,2025,2020-2024,18033,county,POP-ZONE-18033,ACS 2024 5-year B08301/B08303,estimated,s11b_acs_commute_2024,moderate,real,verified,Residence-based commuting estimate; commuting is not migration or individual movement.
OBS-POP-ZONE-18033-WORK_FROM_HOME_SHARE,work_from_home_share,4.9852153021622625,percent,2024,2025,2020-2024,18033,county,POP-ZONE-18033,ACS 2024 5-year B08301/B08303,estimated,s11b_acs_commute_2024,moderate,real,verified,Residence-based commuting estimate; commuting is not migration or individual movement.
OBS-POP-ZONE-18033-COMMUTE_45_PLUS_SHARE,commute_45_plus_share,8.7624604911257,percent,2024,2025,2020-2024,18033,county,POP-ZONE-18033,ACS 2024 5-year B08301/B08303,estimated,s11b_acs_commute_2024,moderate,real,verified,Residence-based commuting estimate; commuting is not migration or individual movement.
OBS-POP-ZONE-18151-POP20,population_count,34435.0,persons,2020,2021,2020-04-01 enumeration,18151,county,POP-ZONE-18151,2020 Decennial Census P.L. 94-171 P1,observed,s11a_decennial_in_pl,high,real,verified,Enumerated 2020 person count.
OBS-POP-ZONE-18151-HU20,housing_unit_count,18837.0,housing_units,2020,2021,2020-04-01 enumeration,18151,county,POP-ZONE-18151,2020 Decennial Census P.L. 94-171 H1/geography,observed,s11a_decennial_in_pl,high,real,verified,Enumerated housing units; not households or occupied units.
OBS-POP-ZONE-18151-DENS20,population_density,106.78633877862721,persons_per_square_mile,2020,2021,2020-04-01 enumeration and 2020 geography,18151,county,POP-ZONE-18151,2020 Decennial Census P.L. 94-171 plus Census geography area,observed,s11a_tiger_counties,high,real,verified,Density is a derived ratio and is not a block-level observation.
OBS-POP-ZONE-18151-PEP20,population_estimate,34447.0,persons,2020,2025,July 1 annual estimate,18151,county,POP-ZONE-18151,2024 Vintage Population Estimates Program,estimated,s11a_pep_county_2024,high,real,verified,PEP estimate; distinct from 2020 Census enumeration.
OBS-POP-ZONE-18151-PEP24,population_estimate,34862.0,persons,2024,2025,July 1 annual estimate,18151,county,POP-ZONE-18151,2024 Vintage Population Estimates Program,estimated,s11a_pep_county_2024,high,real,verified,Latest available PEP point estimate in this package; not a 2026 Census observation.
OBS-POP-ZONE-18151-PEPCHG,population_change,415.0,persons,2020-2024,2025,July 1 annual estimates,18151,county,POP-ZONE-18151,2024 Vintage Population Estimates Program,estimated,s11a_pep_county_2024,high,real,verified,Difference between PEP estimates; not a causal migration finding.
OBS-POP-ZONE-18151-PEPCHGPCT,population_change_percent,1.204749325050077,percent,2020-2024,2025,July 1 annual estimates,18151,county,POP-ZONE-18151,2024 Vintage Population Estimates Program,estimated,s11a_pep_county_2024,high,real,verified,Percentage change in PEP estimates; not a causal explanation.
OBS-POP-ZONE-18151-ACSP,population_count,34726.0,persons,2024,2025,2020-2024,18151,county,POP-ZONE-18151,ACS 2024 5-year detailed tables,estimated,s11a_acs_2024_5yr,high,real,verified,ACS estimate; not an enumerated 2026 count.
OBS-POP-ZONE-18151-HH,household_count,14058.0,households,2024,2025,2020-2024,18151,county,POP-ZONE-18151,ACS 2024 5-year detailed tables,estimated,s11a_acs_2024_5yr,high,real,verified,Households are not persons or housing units.
OBS-POP-ZONE-18151-HUACS,housing_unit_count,19181.0,housing_units,2024,2025,2020-2024,18151,county,POP-ZONE-18151,ACS 2024 5-year detailed tables,estimated,s11a_acs_2024_5yr,high,real,verified,ACS housing-unit estimate; distinct from 2020 enumeration.
OBS-POP-ZONE-18151-OCC,occupied_housing_units,14058.0,housing_units,2024,2025,2020-2024,18151,county,POP-ZONE-18151,ACS 2024 5-year detailed tables,estimated,s11a_acs_2024_5yr,high,real,verified,Occupied unit estimate; not a utility connection or household welfare measure.
OBS-POP-ZONE-18151-VAC,vacant_housing_units,5123.0,housing_units,2024,2025,2020-2024,18151,county,POP-ZONE-18151,ACS 2024 5-year detailed tables,estimated,s11a_acs_2024_5yr,high,real,verified,Vacancy is descriptive housing context; no reason for vacancy is inferred.
OBS-POP-ZONE-18151-VACSH,vacancy_rate,26.708722172983684,percent,2024,2025,2020-2024,18151,county,POP-ZONE-18151,ACS 2024 5-year detailed tables,estimated,s11a_acs_2024_5yr,high,real,verified,Vacancy rate is not a neighborhood-quality or vulnerability score.
OBS-POP-ZONE-18151-MEDAGE,median_age,43.5,years,2024,2025,2020-2024,18151,county,POP-ZONE-18151,ACS 2024 5-year detailed tables,estimated,s11a_acs_2024_5yr,moderate,real,verified,Descriptive aggregate age context only.
OBS-POP-ZONE-18151-UNDER18,age_under_18_share,19.668260093301846,percent,2024,2025,2020-2024,18151,county,POP-ZONE-18151,ACS 2024 5-year detailed tables,estimated,s11a_acs_2024_5yr,moderate,real,verified,Descriptive aggregate age structure; no vulnerability ranking.
OBS-POP-ZONE-18151-AGE65,age_65_plus_share,21.865461037839083,percent,2024,2025,2020-2024,18151,county,POP-ZONE-18151,ACS 2024 5-year detailed tables,estimated,s11a_acs_2024_5yr,moderate,real,verified,Descriptive aggregate age structure; no vulnerability ranking.
OBS-POP-ZONE-18151-HHSIZE,average_household_size,2.37,persons_per_household,2024,2025,2020-2024,18151,county,POP-ZONE-18151,ACS 2024 5-year detailed tables,estimated,s11a_acs_2024_5yr,moderate,real,verified,Aggregate household-size estimate; no household-level inference.
OBS-POP-ZONE-18151-HOUSAGE,median_year_structure_built,1981.0,year,2024,2025,2020-2024,18151,county,POP-ZONE-18151,ACS 2024 5-year detailed tables,estimated,s11a_acs_2024_5yr,moderate,real,verified,Descriptive housing-age context; not a condition or maintenance score.
OBS-POP-ZONE-18151-DRIVE_ALONE_SHARE,drive_alone_share,81.98907659088023,percent,2024,2025,2020-2024,18151,county,POP-ZONE-18151,ACS 2024 5-year B08301/B08303,estimated,s11b_acs_commute_2024,moderate,real,verified,Residence-based commuting estimate; commuting is not migration or individual movement.
OBS-POP-ZONE-18151-CARPOOL_SHARE,carpool_share,7.7479994919344595,percent,2024,2025,2020-2024,18151,county,POP-ZONE-18151,ACS 2024 5-year B08301/B08303,estimated,s11b_acs_commute_2024,moderate,real,verified,Residence-based commuting estimate; commuting is not migration or individual movement.
OBS-POP-ZONE-18151-PUBLIC_TRANSIT_SHARE,public_transit_share,0.29213768576146326,percent,2024,2025,2020-2024,18151,county,POP-ZONE-18151,ACS 2024 5-year B08301/B08303,estimated,s11b_acs_commute_2024,moderate,real,verified,Residence-based commuting estimate; commuting is not migration or individual movement.
OBS-POP-ZONE-18151-WALK_SHARE,walk_share,2.8261145687793725,percent,2024,2025,2020-2024,18151,county,POP-ZONE-18151,ACS 2024 5-year B08301/B08303,estimated,s11b_acs_commute_2024,moderate,real,verified,Residence-based commuting estimate; commuting is not migration or individual movement.
OBS-POP-ZONE-18151-WORK_FROM_HOME_SHARE,work_from_home_share,5.677632414581481,percent,2024,2025,2020-2024,18151,county,POP-ZONE-18151,ACS 2024 5-year B08301/B08303,estimated,s11b_acs_commute_2024,moderate,real,verified,Residence-based commuting estimate; commuting is not migration or individual movement.
OBS-POP-ZONE-18151-COMMUTE_45_PLUS_SHARE,commute_45_plus_share,11.143280366280637,percent,2024,2025,2020-2024,18151,county,POP-ZONE-18151,ACS 2024 5-year B08301/B08303,estimated,s11b_acs_commute_2024,moderate,real,verified,Residence-based commuting estimate; commuting is not migration or individual movement.
OBS-MUNI-1801666-POP20,population_count,9340.0,persons,2020,2021,2020-04-01 enumeration,1600000US1801666,place,MUNI-1801666,2020 Decennial Census P.L. 94-171 P1,observed,s11a_decennial_in_pl,high,real,verified,Enumerated 2020 person count.
OBS-MUNI-1801666-HU20,housing_unit_count,3691.0,housing_units,2020,2021,2020-04-01 enumeration,1600000US1801666,place,MUNI-1801666,2020 Decennial Census P.L. 94-171 H1/geography,observed,s11a_decennial_in_pl,high,real,verified,Enumerated housing units; not households or occupied units.
OBS-MUNI-1801666-DENS20,population_density,1438.607945126467,persons_per_square_mile,2020,2021,2020-04-01 enumeration and 2020 geography,1600000US1801666,place,MUNI-1801666,2020 Decennial Census P.L. 94-171 plus Census geography area,observed,s11a_decennial_in_pl,high,real,verified,Density is a derived ratio and is not a block-level observation.
OBS-MUNI-1801666-ACSP,population_count,9408.0,persons,2024,2025,2020-2024,1600000US1801666,place,MUNI-1801666,ACS 2024 5-year detailed tables,estimated,s11a_acs_2024_5yr,high,real,verified,ACS estimate; not an enumerated 2026 count.
OBS-MUNI-1801666-HH,household_count,3513.0,households,2024,2025,2020-2024,1600000US1801666,place,MUNI-1801666,ACS 2024 5-year detailed tables,estimated,s11a_acs_2024_5yr,high,real,verified,Households are not persons or housing units.
OBS-MUNI-1801666-HUACS,housing_unit_count,3792.0,housing_units,2024,2025,2020-2024,1600000US1801666,place,MUNI-1801666,ACS 2024 5-year detailed tables,estimated,s11a_acs_2024_5yr,high,real,verified,ACS housing-unit estimate; distinct from 2020 enumeration.
OBS-MUNI-1801666-OCC,occupied_housing_units,3513.0,housing_units,2024,2025,2020-2024,1600000US1801666,place,MUNI-1801666,ACS 2024 5-year detailed tables,estimated,s11a_acs_2024_5yr,high,real,verified,Occupied unit estimate; not a utility connection or household welfare measure.
OBS-MUNI-1801666-VAC,vacant_housing_units,279.0,housing_units,2024,2025,2020-2024,1600000US1801666,place,MUNI-1801666,ACS 2024 5-year detailed tables,estimated,s11a_acs_2024_5yr,high,real,verified,Vacancy is descriptive housing context; no reason for vacancy is inferred.
OBS-MUNI-1801666-VACSH,vacancy_rate,7.357594936708861,percent,2024,2025,2020-2024,1600000US1801666,place,MUNI-1801666,ACS 2024 5-year detailed tables,estimated,s11a_acs_2024_5yr,high,real,verified,Vacancy rate is not a neighborhood-quality or vulnerability score.
OBS-MUNI-1801666-MEDAGE,median_age,31.9,years,2024,2025,2020-2024,1600000US1801666,place,MUNI-1801666,ACS 2024 5-year detailed tables,estimated,s11a_acs_2024_5yr,moderate,real,verified,Descriptive aggregate age context only.
OBS-MUNI-1801666-UNDER18,age_under_18_share,19.398384353741495,percent,2024,2025,2020-2024,1600000US1801666,place,MUNI-1801666,ACS 2024 5-year detailed tables,estimated,s11a_acs_2024_5yr,moderate,real,verified,Descriptive aggregate age structure; no vulnerability ranking.
OBS-MUNI-1801666-AGE65,age_65_plus_share,16.007653061224488,percent,2024,2025,2020-2024,1600000US1801666,place,MUNI-1801666,ACS 2024 5-year detailed tables,estimated,s11a_acs_2024_5yr,moderate,real,verified,Descriptive aggregate age structure; no vulnerability ranking.
OBS-MUNI-1801666-HHSIZE,average_household_size,2.27,persons_per_household,2024,2025,2020-2024,1600000US1801666,place,MUNI-1801666,ACS 2024 5-year detailed tables,estimated,s11a_acs_2024_5yr,moderate,real,verified,Aggregate household-size estimate; no household-level inference.
OBS-MUNI-1801666-HOUSAGE,median_year_structure_built,1983.0,year,2024,2025,2020-2024,1600000US1801666,place,MUNI-1801666,ACS 2024 5-year detailed tables,estimated,s11a_acs_2024_5yr,moderate,real,verified,Descriptive housing-age context; not a condition or maintenance score.
OBS-MUNI-1802674-POP20,population_count,13412.0,persons,2020,2021,2020-04-01 enumeration,1600000US1802674,place,MUNI-1802674,2020 Decennial Census P.L. 94-171 P1,observed,s11a_decennial_in_pl,high,real,verified,Enumerated 2020 person count.
OBS-MUNI-1802674-HU20,housing_unit_count,6037.0,housing_units,2020,2021,2020-04-01 enumeration,1600000US1802674,place,MUNI-1802674,2020 Decennial Census P.L. 94-171 H1/geography,observed,s11a_decennial_in_pl,high,real,verified,Enumerated housing units; not households or occupied units.
OBS-MUNI-1802674-DENS20,population_density,1747.5834415939914,persons_per_square_mile,2020,2021,2020-04-01 enumeration and 2020 geography,1600000US1802674,place,MUNI-1802674,2020 Decennial Census P.L. 94-171 plus Census geography area,observed,s11a_decennial_in_pl,high,real,verified,Density is a derived ratio and is not a block-level observation.
OBS-MUNI-1802674-ACSP,population_count,13565.0,persons,2024,2025,2020-2024,1600000US1802674,place,MUNI-1802674,ACS 2024 5-year detailed tables,estimated,s11a_acs_2024_5yr,high,real,verified,ACS estimate; not an enumerated 2026 count.
OBS-MUNI-1802674-HH,household_count,5627.0,households,2024,2025,2020-2024,1600000US1802674,place,MUNI-1802674,ACS 2024 5-year detailed tables,estimated,s11a_acs_2024_5yr,high,real,verified,Households are not persons or housing units.
OBS-MUNI-1802674-HUACS,housing_unit_count,5881.0,housing_units,2024,2025,2020-2024,1600000US1802674,place,MUNI-1802674,ACS 2024 5-year detailed tables,estimated,s11a_acs_2024_5yr,high,real,verified,ACS housing-unit estimate; distinct from 2020 enumeration.
OBS-MUNI-1802674-OCC,occupied_housing_units,5627.0,housing_units,2024,2025,2020-2024,1600000US1802674,place,MUNI-1802674,ACS 2024 5-year detailed tables,estimated,s11a_acs_2024_5yr,high,real,verified,Occupied unit estimate; not a utility connection or household welfare measure.
OBS-MUNI-1802674-VAC,vacant_housing_units,254.0,housing_units,2024,2025,2020-2024,1600000US1802674,place,MUNI-1802674,ACS 2024 5-year detailed tables,estimated,s11a_acs_2024_5yr,high,real,verified,Vacancy is descriptive housing context; no reason for vacancy is inferred.
OBS-MUNI-1802674-VACSH,vacancy_rate,4.318993368474749,percent,2024,2025,2020-2024,1600000US1802674,place,MUNI-1802674,ACS 2024 5-year detailed tables,estimated,s11a_acs_2024_5yr,high,real,verified,Vacancy rate is not a neighborhood-quality or vulnerability score.
OBS-MUNI-1802674-MEDAGE,median_age,35.6,years,2024,2025,2020-2024,1600000US1802674,place,MUNI-1802674,ACS 2024 5-year detailed tables,estimated,s11a_acs_2024_5yr,moderate,real,verified,Descriptive aggregate age context only.
OBS-MUNI-1802674-UNDER18,age_under_18_share,24.636933284187247,percent,2024,2025,2020-2024,1600000US1802674,place,MUNI-1802674,ACS 2024 5-year detailed tables,estimated,s11a_acs_2024_5yr,moderate,real,verified,Descriptive aggregate age structure; no vulnerability ranking.
OBS-MUNI-1802674-AGE65,age_65_plus_share,17.670475488389236,percent,2024,2025,2020-2024,1600000US1802674,place,MUNI-1802674,ACS 2024 5-year detailed tables,estimated,s11a_acs_2024_5yr,moderate,real,verified,Descriptive aggregate age structure; no vulnerability ranking.
OBS-MUNI-1802674-HHSIZE,average_household_size,2.37,persons_per_household,2024,2025,2020-2024,1600000US1802674,place,MUNI-1802674,ACS 2024 5-year detailed tables,estimated,s11a_acs_2024_5yr,moderate,real,verified,Aggregate household-size estimate; no household-level inference.
OBS-MUNI-1802674-HOUSAGE,median_year_structure_built,1980.0,year,2024,2025,2020-2024,1600000US1802674,place,MUNI-1802674,ACS 2024 5-year detailed tables,estimated,s11a_acs_2024_5yr,moderate,real,verified,Descriptive housing-age context; not a condition or maintenance score.
OBS-MUNI-1825000-POP20,population_count,263886.0,persons,2020,2021,2020-04-01 enumeration,1600000US1825000,place,MUNI-1825000,2020 Decennial Census P.L. 94-171 P1,observed,s11a_decennial_in_pl,high,real,verified,Enumerated 2020 person count.
OBS-MUNI-1825000-HU20,housing_unit_count,115860.0,housing_units,2020,2021,2020-04-01 enumeration,1600000US1825000,place,MUNI-1825000,2020 Decennial Census P.L. 94-171 H1/geography,observed,s11a_decennial_in_pl,high,real,verified,Enumerated housing units; not households or occupied units.
OBS-MUNI-1825000-DENS20,population_density,2382.8505840336693,persons_per_square_mile,2020,2021,2020-04-01 enumeration and 2020 geography,1600000US1825000,place,MUNI-1825000,2020 Decennial Census P.L. 94-171 plus Census geography area,observed,s11a_decennial_in_pl,high,real,verified,Density is a derived ratio and is not a block-level observation.
OBS-MUNI-1825000-ACSP,population_count,268589.0,persons,2024,2025,2020-2024,1600000US1825000,place,MUNI-1825000,ACS 2024 5-year detailed tables,estimated,s11a_acs_2024_5yr,high,real,verified,ACS estimate; not an enumerated 2026 count.
OBS-MUNI-1825000-HH,household_count,110929.0,households,2024,2025,2020-2024,1600000US1825000,place,MUNI-1825000,ACS 2024 5-year detailed tables,estimated,s11a_acs_2024_5yr,high,real,verified,Households are not persons or housing units.
OBS-MUNI-1825000-HUACS,housing_unit_count,118657.0,housing_units,2024,2025,2020-2024,1600000US1825000,place,MUNI-1825000,ACS 2024 5-year detailed tables,estimated,s11a_acs_2024_5yr,high,real,verified,ACS housing-unit estimate; distinct from 2020 enumeration.
OBS-MUNI-1825000-OCC,occupied_housing_units,110929.0,housing_units,2024,2025,2020-2024,1600000US1825000,place,MUNI-1825000,ACS 2024 5-year detailed tables,estimated,s11a_acs_2024_5yr,high,real,verified,Occupied unit estimate; not a utility connection or household welfare measure.
OBS-MUNI-1825000-VAC,vacant_housing_units,7728.0,housing_units,2024,2025,2020-2024,1600000US1825000,place,MUNI-1825000,ACS 2024 5-year detailed tables,estimated,s11a_acs_2024_5yr,high,real,verified,Vacancy is descriptive housing context; no reason for vacancy is inferred.
OBS-MUNI-1825000-VACSH,vacancy_rate,6.512890094979647,percent,2024,2025,2020-2024,1600000US1825000,place,MUNI-1825000,ACS 2024 5-year detailed tables,estimated,s11a_acs_2024_5yr,high,real,verified,Vacancy rate is not a neighborhood-quality or vulnerability score.
OBS-MUNI-1825000-MEDAGE,median_age,35.0,years,2024,2025,2020-2024,1600000US1825000,place,MUNI-1825000,ACS 2024 5-year detailed tables,estimated,s11a_acs_2024_5yr,moderate,real,verified,Descriptive aggregate age context only.
OBS-MUNI-1825000-UNDER18,age_under_18_share,24.330482633317075,percent,2024,2025,2020-2024,1600000US1825000,place,MUNI-1825000,ACS 2024 5-year detailed tables,estimated,s11a_acs_2024_5yr,moderate,real,verified,Descriptive aggregate age structure; no vulnerability ranking.
OBS-MUNI-1825000-AGE65,age_65_plus_share,15.242247448704155,percent,2024,2025,2020-2024,1600000US1825000,place,MUNI-1825000,ACS 2024 5-year detailed tables,estimated,s11a_acs_2024_5yr,moderate,real,verified,Descriptive aggregate age structure; no vulnerability ranking.
OBS-MUNI-1825000-HHSIZE,average_household_size,2.38,persons_per_household,2024,2025,2020-2024,1600000US1825000,place,MUNI-1825000,ACS 2024 5-year detailed tables,estimated,s11a_acs_2024_5yr,moderate,real,verified,Aggregate household-size estimate; no household-level inference.
OBS-MUNI-1825000-HOUSAGE,median_year_structure_built,1972.0,year,2024,2025,2020-2024,1600000US1825000,place,MUNI-1825000,ACS 2024 5-year detailed tables,estimated,s11a_acs_2024_5yr,moderate,real,verified,Descriptive housing-age context; not a condition or maintenance score.
OBS-MUNI-1826386-POP20,population_count,6542.0,persons,2020,2021,2020-04-01 enumeration,1600000US1826386,place,MUNI-1826386,2020 Decennial Census P.L. 94-171 P1,observed,s11a_decennial_in_pl,high,real,verified,Enumerated 2020 person count.
OBS-MUNI-1826386-HU20,housing_unit_count,2617.0,housing_units,2020,2021,2020-04-01 enumeration,1600000US1826386,place,MUNI-1826386,2020 Decennial Census P.L. 94-171 H1/geography,observed,s11a_decennial_in_pl,high,real,verified,Enumerated housing units; not households or occupied units.
OBS-MUNI-1826386-DENS20,population_density,1570.5195233280208,persons_per_square_mile,2020,2021,2020-04-01 enumeration and 2020 geography,1600000US1826386,place,MUNI-1826386,2020 Decennial Census P.L. 94-171 plus Census geography area,observed,s11a_decennial_in_pl,high,real,verified,Density is a derived ratio and is not a block-level observation.
OBS-MUNI-1826386-ACSP,population_count,6642.0,persons,2024,2025,2020-2024,1600000US1826386,place,MUNI-1826386,ACS 2024 5-year detailed tables,estimated,s11a_acs_2024_5yr,high,real,verified,ACS estimate; not an enumerated 2026 count.
OBS-MUNI-1826386-HH,household_count,2827.0,households,2024,2025,2020-2024,1600000US1826386,place,MUNI-1826386,ACS 2024 5-year detailed tables,estimated,s11a_acs_2024_5yr,high,real,verified,Households are not persons or housing units.
OBS-MUNI-1826386-HUACS,housing_unit_count,3081.0,housing_units,2024,2025,2020-2024,1600000US1826386,place,MUNI-1826386,ACS 2024 5-year detailed tables,estimated,s11a_acs_2024_5yr,high,real,verified,ACS housing-unit estimate; distinct from 2020 enumeration.
OBS-MUNI-1826386-OCC,occupied_housing_units,2827.0,housing_units,2024,2025,2020-2024,1600000US1826386,place,MUNI-1826386,ACS 2024 5-year detailed tables,estimated,s11a_acs_2024_5yr,high,real,verified,Occupied unit estimate; not a utility connection or household welfare measure.
OBS-MUNI-1826386-VAC,vacant_housing_units,254.0,housing_units,2024,2025,2020-2024,1600000US1826386,place,MUNI-1826386,ACS 2024 5-year detailed tables,estimated,s11a_acs_2024_5yr,high,real,verified,Vacancy is descriptive housing context; no reason for vacancy is inferred.
OBS-MUNI-1826386-VACSH,vacancy_rate,8.244076598506979,percent,2024,2025,2020-2024,1600000US1826386,place,MUNI-1826386,ACS 2024 5-year detailed tables,estimated,s11a_acs_2024_5yr,high,real,verified,Vacancy rate is not a neighborhood-quality or vulnerability score.
OBS-MUNI-1826386-MEDAGE,median_age,39.4,years,2024,2025,2020-2024,1600000US1826386,place,MUNI-1826386,ACS 2024 5-year detailed tables,estimated,s11a_acs_2024_5yr,moderate,real,verified,Descriptive aggregate age context only.
OBS-MUNI-1826386-UNDER18,age_under_18_share,22.975007527853055,percent,2024,2025,2020-2024,1600000US1826386,place,MUNI-1826386,ACS 2024 5-year detailed tables,estimated,s11a_acs_2024_5yr,moderate,real,verified,Descriptive aggregate age structure; no vulnerability ranking.
OBS-MUNI-1826386-AGE65,age_65_plus_share,16.65161096055405,percent,2024,2025,2020-2024,1600000US1826386,place,MUNI-1826386,ACS 2024 5-year detailed tables,estimated,s11a_acs_2024_5yr,moderate,real,verified,Descriptive aggregate age structure; no vulnerability ranking.
OBS-MUNI-1826386-HHSIZE,average_household_size,2.32,persons_per_household,2024,2025,2020-2024,1600000US1826386,place,MUNI-1826386,ACS 2024 5-year detailed tables,estimated,s11a_acs_2024_5yr,moderate,real,verified,Aggregate household-size estimate; no household-level inference.
OBS-MUNI-1826386-HOUSAGE,median_year_structure_built,1974.0,year,2024,2025,2020-2024,1600000US1826386,place,MUNI-1826386,ACS 2024 5-year detailed tables,estimated,s11a_acs_2024_5yr,moderate,real,verified,Descriptive housing-age context; not a condition or maintenance score.
OBS-MUNI-1835266-POP20,population_count,9141.0,persons,2020,2021,2020-04-01 enumeration,1600000US1835266,place,MUNI-1835266,2020 Decennial Census P.L. 94-171 P1,observed,s11a_decennial_in_pl,high,real,verified,Enumerated 2020 person count.
OBS-MUNI-1835266-HU20,housing_unit_count,3235.0,housing_units,2020,2021,2020-04-01 enumeration,1600000US1835266,place,MUNI-1835266,2020 Decennial Census P.L. 94-171 H1/geography,observed,s11a_decennial_in_pl,high,real,verified,Enumerated housing units; not households or occupied units.
OBS-MUNI-1835266-DENS20,population_density,1723.2238548229743,persons_per_square_mile,2020,2021,2020-04-01 enumeration and 2020 geography,1600000US1835266,place,MUNI-1835266,2020 Decennial Census P.L. 94-171 plus Census geography area,observed,s11a_decennial_in_pl,high,real,verified,Density is a derived ratio and is not a block-level observation.
OBS-MUNI-1835266-ACSP,population_count,11379.0,persons,2024,2025,2020-2024,1600000US1835266,place,MUNI-1835266,ACS 2024 5-year detailed tables,estimated,s11a_acs_2024_5yr,high,real,verified,ACS estimate; not an enumerated 2026 count.
OBS-MUNI-1835266-HH,household_count,3734.0,households,2024,2025,2020-2024,1600000US1835266,place,MUNI-1835266,ACS 2024 5-year detailed tables,estimated,s11a_acs_2024_5yr,high,real,verified,Households are not persons or housing units.
OBS-MUNI-1835266-HUACS,housing_unit_count,3821.0,housing_units,2024,2025,2020-2024,1600000US1835266,place,MUNI-1835266,ACS 2024 5-year detailed tables,estimated,s11a_acs_2024_5yr,high,real,verified,ACS housing-unit estimate; distinct from 2020 enumeration.
OBS-MUNI-1835266-OCC,occupied_housing_units,3734.0,housing_units,2024,2025,2020-2024,1600000US1835266,place,MUNI-1835266,ACS 2024 5-year detailed tables,estimated,s11a_acs_2024_5yr,high,real,verified,Occupied unit estimate; not a utility connection or household welfare measure.
OBS-MUNI-1835266-VAC,vacant_housing_units,87.0,housing_units,2024,2025,2020-2024,1600000US1835266,place,MUNI-1835266,ACS 2024 5-year detailed tables,estimated,s11a_acs_2024_5yr,high,real,verified,Vacancy is descriptive housing context; no reason for vacancy is inferred.
OBS-MUNI-1835266-VACSH,vacancy_rate,2.2768908662653757,percent,2024,2025,2020-2024,1600000US1835266,place,MUNI-1835266,ACS 2024 5-year detailed tables,estimated,s11a_acs_2024_5yr,high,real,verified,Vacancy rate is not a neighborhood-quality or vulnerability score.
OBS-MUNI-1835266-MEDAGE,median_age,33.6,years,2024,2025,2020-2024,1600000US1835266,place,MUNI-1835266,ACS 2024 5-year detailed tables,estimated,s11a_acs_2024_5yr,moderate,real,verified,Descriptive aggregate age context only.
OBS-MUNI-1835266-UNDER18,age_under_18_share,33.0872660163459,percent,2024,2025,2020-2024,1600000US1835266,place,MUNI-1835266,ACS 2024 5-year detailed tables,estimated,s11a_acs_2024_5yr,moderate,real,verified,Descriptive aggregate age structure; no vulnerability ranking.
OBS-MUNI-1835266-AGE65,age_65_plus_share,12.988839089550927,percent,2024,2025,2020-2024,1600000US1835266,place,MUNI-1835266,ACS 2024 5-year detailed tables,estimated,s11a_acs_2024_5yr,moderate,real,verified,Descriptive aggregate age structure; no vulnerability ranking.
OBS-MUNI-1835266-HHSIZE,average_household_size,3.01,persons_per_household,2024,2025,2020-2024,1600000US1835266,place,MUNI-1835266,ACS 2024 5-year detailed tables,estimated,s11a_acs_2024_5yr,moderate,real,verified,Aggregate household-size estimate; no household-level inference.
OBS-MUNI-1835266-HOUSAGE,median_year_structure_built,2011.0,year,2024,2025,2020-2024,1600000US1835266,place,MUNI-1835266,ACS 2024 5-year detailed tables,estimated,s11a_acs_2024_5yr,moderate,real,verified,Descriptive housing-age context; not a condition or maintenance score.
OBS-MUNI-1852992-POP20,population_count,15583.0,persons,2020,2021,2020-04-01 enumeration,1600000US1852992,place,MUNI-1852992,2020 Decennial Census P.L. 94-171 P1,observed,s11a_decennial_in_pl,high,real,verified,Enumerated 2020 person count.
OBS-MUNI-1852992-HU20,housing_unit_count,6669.0,housing_units,2020,2021,2020-04-01 enumeration,1600000US1852992,place,MUNI-1852992,2020 Decennial Census P.L. 94-171 H1/geography,observed,s11a_decennial_in_pl,high,real,verified,Enumerated housing units; not households or occupied units.
OBS-MUNI-1852992-DENS20,population_density,1317.6976826701912,persons_per_square_mile,2020,2021,2020-04-01 enumeration and 2020 geography,1600000US1852992,place,MUNI-1852992,2020 Decennial Census P.L. 94-171 plus Census geography area,observed,s11a_decennial_in_pl,high,real,verified,Density is a derived ratio and is not a block-level observation.
OBS-MUNI-1852992-ACSP,population_count,15698.0,persons,2024,2025,2020-2024,1600000US1852992,place,MUNI-1852992,ACS 2024 5-year detailed tables,estimated,s11a_acs_2024_5yr,high,real,verified,ACS estimate; not an enumerated 2026 count.
OBS-MUNI-1852992-HH,household_count,6627.0,households,2024,2025,2020-2024,1600000US1852992,place,MUNI-1852992,ACS 2024 5-year detailed tables,estimated,s11a_acs_2024_5yr,high,real,verified,Households are not persons or housing units.
OBS-MUNI-1852992-HUACS,housing_unit_count,6916.0,housing_units,2024,2025,2020-2024,1600000US1852992,place,MUNI-1852992,ACS 2024 5-year detailed tables,estimated,s11a_acs_2024_5yr,high,real,verified,ACS housing-unit estimate; distinct from 2020 enumeration.
OBS-MUNI-1852992-OCC,occupied_housing_units,6627.0,housing_units,2024,2025,2020-2024,1600000US1852992,place,MUNI-1852992,ACS 2024 5-year detailed tables,estimated,s11a_acs_2024_5yr,high,real,verified,Occupied unit estimate; not a utility connection or household welfare measure.
OBS-MUNI-1852992-VAC,vacant_housing_units,289.0,housing_units,2024,2025,2020-2024,1600000US1852992,place,MUNI-1852992,ACS 2024 5-year detailed tables,estimated,s11a_acs_2024_5yr,high,real,verified,Vacancy is descriptive housing context; no reason for vacancy is inferred.
OBS-MUNI-1852992-VACSH,vacancy_rate,4.178716020821284,percent,2024,2025,2020-2024,1600000US1852992,place,MUNI-1852992,ACS 2024 5-year detailed tables,estimated,s11a_acs_2024_5yr,high,real,verified,Vacancy rate is not a neighborhood-quality or vulnerability score.
OBS-MUNI-1852992-MEDAGE,median_age,39.4,years,2024,2025,2020-2024,1600000US1852992,place,MUNI-1852992,ACS 2024 5-year detailed tables,estimated,s11a_acs_2024_5yr,moderate,real,verified,Descriptive aggregate age context only.
OBS-MUNI-1852992-UNDER18,age_under_18_share,23.939355331889413,percent,2024,2025,2020-2024,1600000US1852992,place,MUNI-1852992,ACS 2024 5-year detailed tables,estimated,s11a_acs_2024_5yr,moderate,real,verified,Descriptive aggregate age structure; no vulnerability ranking.
OBS-MUNI-1852992-AGE65,age_65_plus_share,18.779462351891958,percent,2024,2025,2020-2024,1600000US1852992,place,MUNI-1852992,ACS 2024 5-year detailed tables,estimated,s11a_acs_2024_5yr,moderate,real,verified,Descriptive aggregate age structure; no vulnerability ranking.
OBS-MUNI-1852992-HHSIZE,average_household_size,2.35,persons_per_household,2024,2025,2020-2024,1600000US1852992,place,MUNI-1852992,ACS 2024 5-year detailed tables,estimated,s11a_acs_2024_5yr,moderate,real,verified,Aggregate household-size estimate; no household-level inference.
OBS-MUNI-1852992-HOUSAGE,median_year_structure_built,1975.0,year,2024,2025,2020-2024,1600000US1852992,place,MUNI-1852992,ACS 2024 5-year detailed tables,estimated,s11a_acs_2024_5yr,moderate,real,verified,Descriptive housing-age context; not a condition or maintenance score.
OBS-MUNI-2600440-POP20,population_count,20645.0,persons,2020,2021,2020-04-01 enumeration,1600000US2600440,place,MUNI-2600440,2020 Decennial Census P.L. 94-171 P1,observed,s11a_decennial_mi_pl,high,real,verified,Enumerated 2020 person count.
OBS-MUNI-2600440-HU20,housing_unit_count,9019.0,housing_units,2020,2021,2020-04-01 enumeration,1600000US2600440,place,MUNI-2600440,2020 Decennial Census P.L. 94-171 H1/geography,observed,s11a_decennial_mi_pl,high,real,verified,Enumerated housing units; not households or occupied units.
OBS-MUNI-2600440-DENS20,population_density,2578.30487367182,persons_per_square_mile,2020,2021,2020-04-01 enumeration and 2020 geography,1600000US2600440,place,MUNI-2600440,2020 Decennial Census P.L. 94-171 plus Census geography area,observed,s11a_decennial_mi_pl,high,real,verified,Density is a derived ratio and is not a block-level observation.
OBS-MUNI-2600440-ACSP,population_count,20395.0,persons,2024,2025,2020-2024,1600000US2600440,place,MUNI-2600440,ACS 2024 5-year detailed tables,estimated,s11a_acs_2024_5yr,high,real,verified,ACS estimate; not an enumerated 2026 count.
OBS-MUNI-2600440-HH,household_count,8137.0,households,2024,2025,2020-2024,1600000US2600440,place,MUNI-2600440,ACS 2024 5-year detailed tables,estimated,s11a_acs_2024_5yr,high,real,verified,Households are not persons or housing units.
OBS-MUNI-2600440-HUACS,housing_unit_count,9328.0,housing_units,2024,2025,2020-2024,1600000US2600440,place,MUNI-2600440,ACS 2024 5-year detailed tables,estimated,s11a_acs_2024_5yr,high,real,verified,ACS housing-unit estimate; distinct from 2020 enumeration.
OBS-MUNI-2600440-OCC,occupied_housing_units,8137.0,housing_units,2024,2025,2020-2024,1600000US2600440,place,MUNI-2600440,ACS 2024 5-year detailed tables,estimated,s11a_acs_2024_5yr,high,real,verified,Occupied unit estimate; not a utility connection or household welfare measure.
OBS-MUNI-2600440-VAC,vacant_housing_units,1191.0,housing_units,2024,2025,2020-2024,1600000US2600440,place,MUNI-2600440,ACS 2024 5-year detailed tables,estimated,s11a_acs_2024_5yr,high,real,verified,Vacancy is descriptive housing context; no reason for vacancy is inferred.
OBS-MUNI-2600440-VACSH,vacancy_rate,12.768010291595196,percent,2024,2025,2020-2024,1600000US2600440,place,MUNI-2600440,ACS 2024 5-year detailed tables,estimated,s11a_acs_2024_5yr,high,real,verified,Vacancy rate is not a neighborhood-quality or vulnerability score.
OBS-MUNI-2600440-MEDAGE,median_age,35.8,years,2024,2025,2020-2024,1600000US2600440,place,MUNI-2600440,ACS 2024 5-year detailed tables,estimated,s11a_acs_2024_5yr,moderate,real,verified,Descriptive aggregate age context only.
OBS-MUNI-2600440-UNDER18,age_under_18_share,19.308654081882814,percent,2024,2025,2020-2024,1600000US2600440,place,MUNI-2600440,ACS 2024 5-year detailed tables,estimated,s11a_acs_2024_5yr,moderate,real,verified,Descriptive aggregate age structure; no vulnerability ranking.
OBS-MUNI-2600440-AGE65,age_65_plus_share,18.66633978916401,percent,2024,2025,2020-2024,1600000US2600440,place,MUNI-2600440,ACS 2024 5-year detailed tables,estimated,s11a_acs_2024_5yr,moderate,real,verified,Descriptive aggregate age structure; no vulnerability ranking.
OBS-MUNI-2600440-HHSIZE,average_household_size,2.23,persons_per_household,2024,2025,2020-2024,1600000US2600440,place,MUNI-2600440,ACS 2024 5-year detailed tables,estimated,s11a_acs_2024_5yr,moderate,real,verified,Aggregate household-size estimate; no household-level inference.
OBS-MUNI-2600440-HOUSAGE,median_year_structure_built,1959.0,year,2024,2025,2020-2024,1600000US2600440,place,MUNI-2600440,ACS 2024 5-year detailed tables,estimated,s11a_acs_2024_5yr,moderate,real,verified,Descriptive housing-age context; not a condition or maintenance score.
OBS-MUNI-2623380-POP20,population_count,5323.0,persons,2020,2021,2020-04-01 enumeration,1600000US2623380,place,MUNI-2623380,2020 Decennial Census P.L. 94-171 P1,observed,s11a_decennial_mi_pl,high,real,verified,Enumerated 2020 person count.
OBS-MUNI-2623380-HU20,housing_unit_count,2344.0,housing_units,2020,2021,2020-04-01 enumeration,1600000US2623380,place,MUNI-2623380,2020 Decennial Census P.L. 94-171 H1/geography,observed,s11a_decennial_mi_pl,high,real,verified,Enumerated housing units; not households or occupied units.
OBS-MUNI-2623380-DENS20,population_density,1015.3085096839998,persons_per_square_mile,2020,2021,2020-04-01 enumeration and 2020 geography,1600000US2623380,place,MUNI-2623380,2020 Decennial Census P.L. 94-171 plus Census geography area,observed,s11a_decennial_mi_pl,high,real,verified,Density is a derived ratio and is not a block-level observation.
OBS-MUNI-2623380-ACSP,population_count,5744.0,persons,2024,2025,2020-2024,1600000US2623380,place,MUNI-2623380,ACS 2024 5-year detailed tables,estimated,s11a_acs_2024_5yr,high,real,verified,ACS estimate; not an enumerated 2026 count.
OBS-MUNI-2623380-HH,household_count,2635.0,households,2024,2025,2020-2024,1600000US2623380,place,MUNI-2623380,ACS 2024 5-year detailed tables,estimated,s11a_acs_2024_5yr,high,real,verified,Households are not persons or housing units.
OBS-MUNI-2623380-HUACS,housing_unit_count,2774.0,housing_units,2024,2025,2020-2024,1600000US2623380,place,MUNI-2623380,ACS 2024 5-year detailed tables,estimated,s11a_acs_2024_5yr,high,real,verified,ACS housing-unit estimate; distinct from 2020 enumeration.
OBS-MUNI-2623380-OCC,occupied_housing_units,2635.0,housing_units,2024,2025,2020-2024,1600000US2623380,place,MUNI-2623380,ACS 2024 5-year detailed tables,estimated,s11a_acs_2024_5yr,high,real,verified,Occupied unit estimate; not a utility connection or household welfare measure.
OBS-MUNI-2623380-VAC,vacant_housing_units,139.0,housing_units,2024,2025,2020-2024,1600000US2623380,place,MUNI-2623380,ACS 2024 5-year detailed tables,estimated,s11a_acs_2024_5yr,high,real,verified,Vacancy is descriptive housing context; no reason for vacancy is inferred.
OBS-MUNI-2623380-VACSH,vacancy_rate,5.010814708002884,percent,2024,2025,2020-2024,1600000US2623380,place,MUNI-2623380,ACS 2024 5-year detailed tables,estimated,s11a_acs_2024_5yr,high,real,verified,Vacancy rate is not a neighborhood-quality or vulnerability score.
OBS-MUNI-2623380-MEDAGE,median_age,35.4,years,2024,2025,2020-2024,1600000US2623380,place,MUNI-2623380,ACS 2024 5-year detailed tables,estimated,s11a_acs_2024_5yr,moderate,real,verified,Descriptive aggregate age context only.
OBS-MUNI-2623380-UNDER18,age_under_18_share,24.80849582172702,percent,2024,2025,2020-2024,1600000US2623380,place,MUNI-2623380,ACS 2024 5-year detailed tables,estimated,s11a_acs_2024_5yr,moderate,real,verified,Descriptive aggregate age structure; no vulnerability ranking.
OBS-MUNI-2623380-AGE65,age_65_plus_share,12.412952646239555,percent,2024,2025,2020-2024,1600000US2623380,place,MUNI-2623380,ACS 2024 5-year detailed tables,estimated,s11a_acs_2024_5yr,moderate,real,verified,Descriptive aggregate age structure; no vulnerability ranking.
OBS-MUNI-2623380-HHSIZE,average_household_size,2.18,persons_per_household,2024,2025,2020-2024,1600000US2623380,place,MUNI-2623380,ACS 2024 5-year detailed tables,estimated,s11a_acs_2024_5yr,moderate,real,verified,Aggregate household-size estimate; no household-level inference.
OBS-MUNI-2623380-HOUSAGE,median_year_structure_built,2002.0,year,2024,2025,2020-2024,1600000US2623380,place,MUNI-2623380,ACS 2024 5-year detailed tables,estimated,s11a_acs_2024_5yr,moderate,real,verified,Descriptive housing-age context; not a condition or maintenance score.
OBS-MUNI-2645420-POP20,population_count,10433.0,persons,2020,2021,2020-04-01 enumeration,1600000US2645420,place,MUNI-2645420,2020 Decennial Census P.L. 94-171 P1,observed,s11a_decennial_mi_pl,high,real,verified,Enumerated 2020 person count.
OBS-MUNI-2645420-HU20,housing_unit_count,4334.0,housing_units,2020,2021,2020-04-01 enumeration,1600000US2645420,place,MUNI-2645420,2020 Decennial Census P.L. 94-171 H1/geography,observed,s11a_decennial_mi_pl,high,real,verified,Enumerated housing units; not households or occupied units.
OBS-MUNI-2645420-DENS20,population_density,1547.7459540594082,persons_per_square_mile,2020,2021,2020-04-01 enumeration and 2020 geography,1600000US2645420,place,MUNI-2645420,2020 Decennial Census P.L. 94-171 plus Census geography area,observed,s11a_decennial_mi_pl,high,real,verified,Density is a derived ratio and is not a block-level observation.
OBS-MUNI-2645420-ACSP,population_count,9955.0,persons,2024,2025,2020-2024,1600000US2645420,place,MUNI-2645420,ACS 2024 5-year detailed tables,estimated,s11a_acs_2024_5yr,high,real,verified,ACS estimate; not an enumerated 2026 count.
OBS-MUNI-2645420-HH,household_count,4027.0,households,2024,2025,2020-2024,1600000US2645420,place,MUNI-2645420,ACS 2024 5-year detailed tables,estimated,s11a_acs_2024_5yr,high,real,verified,Households are not persons or housing units.
OBS-MUNI-2645420-HUACS,housing_unit_count,4179.0,housing_units,2024,2025,2020-2024,1600000US2645420,place,MUNI-2645420,ACS 2024 5-year detailed tables,estimated,s11a_acs_2024_5yr,high,real,verified,ACS housing-unit estimate; distinct from 2020 enumeration.
OBS-MUNI-2645420-OCC,occupied_housing_units,4027.0,housing_units,2024,2025,2020-2024,1600000US2645420,place,MUNI-2645420,ACS 2024 5-year detailed tables,estimated,s11a_acs_2024_5yr,high,real,verified,Occupied unit estimate; not a utility connection or household welfare measure.
OBS-MUNI-2645420-VAC,vacant_housing_units,152.0,housing_units,2024,2025,2020-2024,1600000US2645420,place,MUNI-2645420,ACS 2024 5-year detailed tables,estimated,s11a_acs_2024_5yr,high,real,verified,Vacancy is descriptive housing context; no reason for vacancy is inferred.
OBS-MUNI-2645420-VACSH,vacancy_rate,3.6372337879875567,percent,2024,2025,2020-2024,1600000US2645420,place,MUNI-2645420,ACS 2024 5-year detailed tables,estimated,s11a_acs_2024_5yr,high,real,verified,Vacancy rate is not a neighborhood-quality or vulnerability score.
OBS-MUNI-2645420-MEDAGE,median_age,46.4,years,2024,2025,2020-2024,1600000US2645420,place,MUNI-2645420,ACS 2024 5-year detailed tables,estimated,s11a_acs_2024_5yr,moderate,real,verified,Descriptive aggregate age context only.
OBS-MUNI-2645420-UNDER18,age_under_18_share,20.05022601707685,percent,2024,2025,2020-2024,1600000US2645420,place,MUNI-2645420,ACS 2024 5-year detailed tables,estimated,s11a_acs_2024_5yr,moderate,real,verified,Descriptive aggregate age structure; no vulnerability ranking.
OBS-MUNI-2645420-AGE65,age_65_plus_share,26.057257659467602,percent,2024,2025,2020-2024,1600000US2645420,place,MUNI-2645420,ACS 2024 5-year detailed tables,estimated,s11a_acs_2024_5yr,moderate,real,verified,Descriptive aggregate age structure; no vulnerability ranking.
OBS-MUNI-2645420-HHSIZE,average_household_size,2.47,persons_per_household,2024,2025,2020-2024,1600000US2645420,place,MUNI-2645420,ACS 2024 5-year detailed tables,estimated,s11a_acs_2024_5yr,moderate,real,verified,Aggregate household-size estimate; no household-level inference.
OBS-MUNI-2645420-HOUSAGE,median_year_structure_built,1983.0,year,2024,2025,2020-2024,1600000US2645420,place,MUNI-2645420,ACS 2024 5-year detailed tables,estimated,s11a_acs_2024_5yr,moderate,real,verified,Descriptive housing-age context; not a condition or maintenance score.
OBS-MUNI-2653920-POP20,population_count,6079.0,persons,2020,2021,2020-04-01 enumeration,1600000US2653920,place,MUNI-2653920,2020 Decennial Census P.L. 94-171 P1,observed,s11a_decennial_mi_pl,high,real,verified,Enumerated 2020 person count.
OBS-MUNI-2653920-HU20,housing_unit_count,2579.0,housing_units,2020,2021,2020-04-01 enumeration,1600000US2653920,place,MUNI-2653920,2020 Decennial Census P.L. 94-171 H1/geography,observed,s11a_decennial_mi_pl,high,real,verified,Enumerated housing units; not households or occupied units.
OBS-MUNI-2653920-DENS20,population_density,1762.6215550744498,persons_per_square_mile,2020,2021,2020-04-01 enumeration and 2020 geography,1600000US2653920,place,MUNI-2653920,2020 Decennial Census P.L. 94-171 plus Census geography area,observed,s11a_decennial_mi_pl,high,real,verified,Density is a derived ratio and is not a block-level observation.
OBS-MUNI-2653920-ACSP,population_count,5987.0,persons,2024,2025,2020-2024,1600000US2653920,place,MUNI-2653920,ACS 2024 5-year detailed tables,estimated,s11a_acs_2024_5yr,high,real,verified,ACS estimate; not an enumerated 2026 count.
OBS-MUNI-2653920-HH,household_count,2605.0,households,2024,2025,2020-2024,1600000US2653920,place,MUNI-2653920,ACS 2024 5-year detailed tables,estimated,s11a_acs_2024_5yr,high,real,verified,Households are not persons or housing units.
OBS-MUNI-2653920-HUACS,housing_unit_count,2782.0,housing_units,2024,2025,2020-2024,1600000US2653920,place,MUNI-2653920,ACS 2024 5-year detailed tables,estimated,s11a_acs_2024_5yr,high,real,verified,ACS housing-unit estimate; distinct from 2020 enumeration.
OBS-MUNI-2653920-OCC,occupied_housing_units,2605.0,housing_units,2024,2025,2020-2024,1600000US2653920,place,MUNI-2653920,ACS 2024 5-year detailed tables,estimated,s11a_acs_2024_5yr,high,real,verified,Occupied unit estimate; not a utility connection or household welfare measure.
OBS-MUNI-2653920-VAC,vacant_housing_units,177.0,housing_units,2024,2025,2020-2024,1600000US2653920,place,MUNI-2653920,ACS 2024 5-year detailed tables,estimated,s11a_acs_2024_5yr,high,real,verified,Vacancy is descriptive housing context; no reason for vacancy is inferred.
OBS-MUNI-2653920-VACSH,vacancy_rate,6.362329259525522,percent,2024,2025,2020-2024,1600000US2653920,place,MUNI-2653920,ACS 2024 5-year detailed tables,estimated,s11a_acs_2024_5yr,high,real,verified,Vacancy rate is not a neighborhood-quality or vulnerability score.
OBS-MUNI-2653920-MEDAGE,median_age,38.1,years,2024,2025,2020-2024,1600000US2653920,place,MUNI-2653920,ACS 2024 5-year detailed tables,estimated,s11a_acs_2024_5yr,moderate,real,verified,Descriptive aggregate age context only.
OBS-MUNI-2653920-UNDER18,age_under_18_share,19.575747452814433,percent,2024,2025,2020-2024,1600000US2653920,place,MUNI-2653920,ACS 2024 5-year detailed tables,estimated,s11a_acs_2024_5yr,moderate,real,verified,Descriptive aggregate age structure; no vulnerability ranking.
OBS-MUNI-2653920-AGE65,age_65_plus_share,16.636044763654585,percent,2024,2025,2020-2024,1600000US2653920,place,MUNI-2653920,ACS 2024 5-year detailed tables,estimated,s11a_acs_2024_5yr,moderate,real,verified,Descriptive aggregate age structure; no vulnerability ranking.
OBS-MUNI-2653920-HHSIZE,average_household_size,2.3,persons_per_household,2024,2025,2020-2024,1600000US2653920,place,MUNI-2653920,ACS 2024 5-year detailed tables,estimated,s11a_acs_2024_5yr,moderate,real,verified,Aggregate household-size estimate; no household-level inference.
OBS-MUNI-2653920-HOUSAGE,median_year_structure_built,1969.0,year,2024,2025,2020-2024,1600000US2653920,place,MUNI-2653920,ACS 2024 5-year detailed tables,estimated,s11a_acs_2024_5yr,moderate,real,verified,Descriptive housing-age context; not a condition or maintenance score.
OBS-MUNI-2655020-POP20,population_count,20462.0,persons,2020,2021,2020-04-01 enumeration,1600000US2655020,place,MUNI-2655020,2020 Decennial Census P.L. 94-171 P1,observed,s11a_decennial_mi_pl,high,real,verified,Enumerated 2020 person count.
OBS-MUNI-2655020-HU20,housing_unit_count,8999.0,housing_units,2020,2021,2020-04-01 enumeration,1600000US2655020,place,MUNI-2655020,2020 Decennial Census P.L. 94-171 H1/geography,observed,s11a_decennial_mi_pl,high,real,verified,Enumerated housing units; not households or occupied units.
OBS-MUNI-2655020-DENS20,population_density,2261.9330857595337,persons_per_square_mile,2020,2021,2020-04-01 enumeration and 2020 geography,1600000US2655020,place,MUNI-2655020,2020 Decennial Census P.L. 94-171 plus Census geography area,observed,s11a_decennial_mi_pl,high,real,verified,Density is a derived ratio and is not a block-level observation.
OBS-MUNI-2655020-ACSP,population_count,20320.0,persons,2024,2025,2020-2024,1600000US2655020,place,MUNI-2655020,ACS 2024 5-year detailed tables,estimated,s11a_acs_2024_5yr,high,real,verified,ACS estimate; not an enumerated 2026 count.
OBS-MUNI-2655020-HH,household_count,8618.0,households,2024,2025,2020-2024,1600000US2655020,place,MUNI-2655020,ACS 2024 5-year detailed tables,estimated,s11a_acs_2024_5yr,high,real,verified,Households are not persons or housing units.
OBS-MUNI-2655020-HUACS,housing_unit_count,9000.0,housing_units,2024,2025,2020-2024,1600000US2655020,place,MUNI-2655020,ACS 2024 5-year detailed tables,estimated,s11a_acs_2024_5yr,high,real,verified,ACS housing-unit estimate; distinct from 2020 enumeration.
OBS-MUNI-2655020-OCC,occupied_housing_units,8618.0,housing_units,2024,2025,2020-2024,1600000US2655020,place,MUNI-2655020,ACS 2024 5-year detailed tables,estimated,s11a_acs_2024_5yr,high,real,verified,Occupied unit estimate; not a utility connection or household welfare measure.
OBS-MUNI-2655020-VAC,vacant_housing_units,382.0,housing_units,2024,2025,2020-2024,1600000US2655020,place,MUNI-2655020,ACS 2024 5-year detailed tables,estimated,s11a_acs_2024_5yr,high,real,verified,Vacancy is descriptive housing context; no reason for vacancy is inferred.
OBS-MUNI-2655020-VACSH,vacancy_rate,4.2444444444444445,percent,2024,2025,2020-2024,1600000US2655020,place,MUNI-2655020,ACS 2024 5-year detailed tables,estimated,s11a_acs_2024_5yr,high,real,verified,Vacancy rate is not a neighborhood-quality or vulnerability score.
OBS-MUNI-2655020-MEDAGE,median_age,37.6,years,2024,2025,2020-2024,1600000US2655020,place,MUNI-2655020,ACS 2024 5-year detailed tables,estimated,s11a_acs_2024_5yr,moderate,real,verified,Descriptive aggregate age context only.
OBS-MUNI-2655020-UNDER18,age_under_18_share,23.533464566929133,percent,2024,2025,2020-2024,1600000US2655020,place,MUNI-2655020,ACS 2024 5-year detailed tables,estimated,s11a_acs_2024_5yr,moderate,real,verified,Descriptive aggregate age structure; no vulnerability ranking.
OBS-MUNI-2655020-AGE65,age_65_plus_share,15.762795275590552,percent,2024,2025,2020-2024,1600000US2655020,place,MUNI-2655020,ACS 2024 5-year detailed tables,estimated,s11a_acs_2024_5yr,moderate,real,verified,Descriptive aggregate age structure; no vulnerability ranking.
OBS-MUNI-2655020-HHSIZE,average_household_size,2.31,persons_per_household,2024,2025,2020-2024,1600000US2655020,place,MUNI-2655020,ACS 2024 5-year detailed tables,estimated,s11a_acs_2024_5yr,moderate,real,verified,Aggregate household-size estimate; no household-level inference.
OBS-MUNI-2655020-HOUSAGE,median_year_structure_built,1953.0,year,2024,2025,2020-2024,1600000US2655020,place,MUNI-2655020,ACS 2024 5-year detailed tables,estimated,s11a_acs_2024_5yr,moderate,real,verified,Descriptive housing-age context; not a condition or maintenance score.
OBS-MUNI-2675140-POP20,population_count,6468.0,persons,2020,2021,2020-04-01 enumeration,1600000US2675140,place,MUNI-2675140,2020 Decennial Census P.L. 94-171 P1,observed,s11a_decennial_mi_pl,high,real,verified,Enumerated 2020 person count.
OBS-MUNI-2675140-HU20,housing_unit_count,2993.0,housing_units,2020,2021,2020-04-01 enumeration,1600000US2675140,place,MUNI-2675140,2020 Decennial Census P.L. 94-171 H1/geography,observed,s11a_decennial_mi_pl,high,real,verified,Enumerated housing units; not households or occupied units.
OBS-MUNI-2675140-DENS20,population_density,2663.448727575821,persons_per_square_mile,2020,2021,2020-04-01 enumeration and 2020 geography,1600000US2675140,place,MUNI-2675140,2020 Decennial Census P.L. 94-171 plus Census geography area,observed,s11a_decennial_mi_pl,high,real,verified,Density is a derived ratio and is not a block-level observation.
OBS-MUNI-2675140-ACSP,population_count,6960.0,persons,2024,2025,2020-2024,1600000US2675140,place,MUNI-2675140,ACS 2024 5-year detailed tables,estimated,s11a_acs_2024_5yr,high,real,verified,ACS estimate; not an enumerated 2026 count.
OBS-MUNI-2675140-HH,household_count,3203.0,households,2024,2025,2020-2024,1600000US2675140,place,MUNI-2675140,ACS 2024 5-year detailed tables,estimated,s11a_acs_2024_5yr,high,real,verified,Households are not persons or housing units.
OBS-MUNI-2675140-HUACS,housing_unit_count,3324.0,housing_units,2024,2025,2020-2024,1600000US2675140,place,MUNI-2675140,ACS 2024 5-year detailed tables,estimated,s11a_acs_2024_5yr,high,real,verified,ACS housing-unit estimate; distinct from 2020 enumeration.
OBS-MUNI-2675140-OCC,occupied_housing_units,3203.0,housing_units,2024,2025,2020-2024,1600000US2675140,place,MUNI-2675140,ACS 2024 5-year detailed tables,estimated,s11a_acs_2024_5yr,high,real,verified,Occupied unit estimate; not a utility connection or household welfare measure.
OBS-MUNI-2675140-VAC,vacant_housing_units,121.0,housing_units,2024,2025,2020-2024,1600000US2675140,place,MUNI-2675140,ACS 2024 5-year detailed tables,estimated,s11a_acs_2024_5yr,high,real,verified,Vacancy is descriptive housing context; no reason for vacancy is inferred.
OBS-MUNI-2675140-VACSH,vacancy_rate,3.6401925391095067,percent,2024,2025,2020-2024,1600000US2675140,place,MUNI-2675140,ACS 2024 5-year detailed tables,estimated,s11a_acs_2024_5yr,high,real,verified,Vacancy rate is not a neighborhood-quality or vulnerability score.
OBS-MUNI-2675140-MEDAGE,median_age,45.5,years,2024,2025,2020-2024,1600000US2675140,place,MUNI-2675140,ACS 2024 5-year detailed tables,estimated,s11a_acs_2024_5yr,moderate,real,verified,Descriptive aggregate age context only.
OBS-MUNI-2675140-UNDER18,age_under_18_share,16.29310344827586,percent,2024,2025,2020-2024,1600000US2675140,place,MUNI-2675140,ACS 2024 5-year detailed tables,estimated,s11a_acs_2024_5yr,moderate,real,verified,Descriptive aggregate age structure; no vulnerability ranking.
OBS-MUNI-2675140-AGE65,age_65_plus_share,21.26436781609195,percent,2024,2025,2020-2024,1600000US2675140,place,MUNI-2675140,ACS 2024 5-year detailed tables,estimated,s11a_acs_2024_5yr,moderate,real,verified,Descriptive aggregate age structure; no vulnerability ranking.
OBS-MUNI-2675140-HHSIZE,average_household_size,2.14,persons_per_household,2024,2025,2020-2024,1600000US2675140,place,MUNI-2675140,ACS 2024 5-year detailed tables,estimated,s11a_acs_2024_5yr,moderate,real,verified,Aggregate household-size estimate; no household-level inference.
OBS-MUNI-2675140-HOUSAGE,median_year_structure_built,1977.0,year,2024,2025,2020-2024,1600000US2675140,place,MUNI-2675140,ACS 2024 5-year detailed tables,estimated,s11a_acs_2024_5yr,moderate,real,verified,Descriptive housing-age context; not a condition or maintenance score.
OBS-MUNI-2679120-POP20,population_count,8680.0,persons,2020,2021,2020-04-01 enumeration,1600000US2679120,place,MUNI-2679120,2020 Decennial Census P.L. 94-171 P1,observed,s11a_decennial_mi_pl,high,real,verified,Enumerated 2020 person count.
OBS-MUNI-2679120-HU20,housing_unit_count,4087.0,housing_units,2020,2021,2020-04-01 enumeration,1600000US2679120,place,MUNI-2679120,2020 Decennial Census P.L. 94-171 H1/geography,observed,s11a_decennial_mi_pl,high,real,verified,Enumerated housing units; not households or occupied units.
OBS-MUNI-2679120-DENS20,population_density,1536.431419673091,persons_per_square_mile,2020,2021,2020-04-01 enumeration and 2020 geography,1600000US2679120,place,MUNI-2679120,2020 Decennial Census P.L. 94-171 plus Census geography area,observed,s11a_decennial_mi_pl,high,real,verified,Density is a derived ratio and is not a block-level observation.
OBS-MUNI-2679120-ACSP,population_count,8646.0,persons,2024,2025,2020-2024,1600000US2679120,place,MUNI-2679120,ACS 2024 5-year detailed tables,estimated,s11a_acs_2024_5yr,high,real,verified,ACS estimate; not an enumerated 2026 count.
OBS-MUNI-2679120-HH,household_count,3851.0,households,2024,2025,2020-2024,1600000US2679120,place,MUNI-2679120,ACS 2024 5-year detailed tables,estimated,s11a_acs_2024_5yr,high,real,verified,Households are not persons or housing units.
OBS-MUNI-2679120-HUACS,housing_unit_count,4006.0,housing_units,2024,2025,2020-2024,1600000US2679120,place,MUNI-2679120,ACS 2024 5-year detailed tables,estimated,s11a_acs_2024_5yr,high,real,verified,ACS housing-unit estimate; distinct from 2020 enumeration.
OBS-MUNI-2679120-OCC,occupied_housing_units,3851.0,housing_units,2024,2025,2020-2024,1600000US2679120,place,MUNI-2679120,ACS 2024 5-year detailed tables,estimated,s11a_acs_2024_5yr,high,real,verified,Occupied unit estimate; not a utility connection or household welfare measure.
OBS-MUNI-2679120-VAC,vacant_housing_units,155.0,housing_units,2024,2025,2020-2024,1600000US2679120,place,MUNI-2679120,ACS 2024 5-year detailed tables,estimated,s11a_acs_2024_5yr,high,real,verified,Vacancy is descriptive housing context; no reason for vacancy is inferred.
OBS-MUNI-2679120-VACSH,vacancy_rate,3.869196205691463,percent,2024,2025,2020-2024,1600000US2679120,place,MUNI-2679120,ACS 2024 5-year detailed tables,estimated,s11a_acs_2024_5yr,high,real,verified,Vacancy rate is not a neighborhood-quality or vulnerability score.
OBS-MUNI-2679120-MEDAGE,median_age,39.1,years,2024,2025,2020-2024,1600000US2679120,place,MUNI-2679120,ACS 2024 5-year detailed tables,estimated,s11a_acs_2024_5yr,moderate,real,verified,Descriptive aggregate age context only.
OBS-MUNI-2679120-UNDER18,age_under_18_share,20.980800370113347,percent,2024,2025,2020-2024,1600000US2679120,place,MUNI-2679120,ACS 2024 5-year detailed tables,estimated,s11a_acs_2024_5yr,moderate,real,verified,Descriptive aggregate age structure; no vulnerability ranking.
OBS-MUNI-2679120-AGE65,age_65_plus_share,20.703215359703908,percent,2024,2025,2020-2024,1600000US2679120,place,MUNI-2679120,ACS 2024 5-year detailed tables,estimated,s11a_acs_2024_5yr,moderate,real,verified,Descriptive aggregate age structure; no vulnerability ranking.
OBS-MUNI-2679120-HHSIZE,average_household_size,2.22,persons_per_household,2024,2025,2020-2024,1600000US2679120,place,MUNI-2679120,ACS 2024 5-year detailed tables,estimated,s11a_acs_2024_5yr,moderate,real,verified,Aggregate household-size estimate; no household-level inference.
OBS-MUNI-2679120-HOUSAGE,median_year_structure_built,1975.0,year,2024,2025,2020-2024,1600000US2679120,place,MUNI-2679120,ACS 2024 5-year detailed tables,estimated,s11a_acs_2024_5yr,moderate,real,verified,Descriptive housing-age context; not a condition or maintenance score.
OBS-MUNI-2679240-POP20,population_count,9188.0,persons,2020,2021,2020-04-01 enumeration,1600000US2679240,place,MUNI-2679240,2020 Decennial Census P.L. 94-171 P1,observed,s11a_decennial_mi_pl,high,real,verified,Enumerated 2020 person count.
OBS-MUNI-2679240-HU20,housing_unit_count,3953.0,housing_units,2020,2021,2020-04-01 enumeration,1600000US2679240,place,MUNI-2679240,2020 Decennial Census P.L. 94-171 H1/geography,observed,s11a_decennial_mi_pl,high,real,verified,Enumerated housing units; not households or occupied units.
OBS-MUNI-2679240-DENS20,population_density,1992.3622651746814,persons_per_square_mile,2020,2021,2020-04-01 enumeration and 2020 geography,1600000US2679240,place,MUNI-2679240,2020 Decennial Census P.L. 94-171 plus Census geography area,observed,s11a_decennial_mi_pl,high,real,verified,Density is a derived ratio and is not a block-level observation.
OBS-MUNI-2679240-ACSP,population_count,8914.0,persons,2024,2025,2020-2024,1600000US2679240,place,MUNI-2679240,ACS 2024 5-year detailed tables,estimated,s11a_acs_2024_5yr,high,real,verified,ACS estimate; not an enumerated 2026 count.
OBS-MUNI-2679240-HH,household_count,3687.0,households,2024,2025,2020-2024,1600000US2679240,place,MUNI-2679240,ACS 2024 5-year detailed tables,estimated,s11a_acs_2024_5yr,high,real,verified,Households are not persons or housing units.
OBS-MUNI-2679240-HUACS,housing_unit_count,3884.0,housing_units,2024,2025,2020-2024,1600000US2679240,place,MUNI-2679240,ACS 2024 5-year detailed tables,estimated,s11a_acs_2024_5yr,high,real,verified,ACS housing-unit estimate; distinct from 2020 enumeration.
OBS-MUNI-2679240-OCC,occupied_housing_units,3687.0,housing_units,2024,2025,2020-2024,1600000US2679240,place,MUNI-2679240,ACS 2024 5-year detailed tables,estimated,s11a_acs_2024_5yr,high,real,verified,Occupied unit estimate; not a utility connection or household welfare measure.
OBS-MUNI-2679240-VAC,vacant_housing_units,197.0,housing_units,2024,2025,2020-2024,1600000US2679240,place,MUNI-2679240,ACS 2024 5-year detailed tables,estimated,s11a_acs_2024_5yr,high,real,verified,Vacancy is descriptive housing context; no reason for vacancy is inferred.
OBS-MUNI-2679240-VACSH,vacancy_rate,5.072090628218332,percent,2024,2025,2020-2024,1600000US2679240,place,MUNI-2679240,ACS 2024 5-year detailed tables,estimated,s11a_acs_2024_5yr,high,real,verified,Vacancy rate is not a neighborhood-quality or vulnerability score.
OBS-MUNI-2679240-MEDAGE,median_age,49.9,years,2024,2025,2020-2024,1600000US2679240,place,MUNI-2679240,ACS 2024 5-year detailed tables,estimated,s11a_acs_2024_5yr,moderate,real,verified,Descriptive aggregate age context only.
OBS-MUNI-2679240-UNDER18,age_under_18_share,19.250617006955352,percent,2024,2025,2020-2024,1600000US2679240,place,MUNI-2679240,ACS 2024 5-year detailed tables,estimated,s11a_acs_2024_5yr,moderate,real,verified,Descriptive aggregate age structure; no vulnerability ranking.
OBS-MUNI-2679240-AGE65,age_65_plus_share,22.548799641014135,percent,2024,2025,2020-2024,1600000US2679240,place,MUNI-2679240,ACS 2024 5-year detailed tables,estimated,s11a_acs_2024_5yr,moderate,real,verified,Descriptive aggregate age structure; no vulnerability ranking.
OBS-MUNI-2679240-HHSIZE,average_household_size,2.39,persons_per_household,2024,2025,2020-2024,1600000US2679240,place,MUNI-2679240,ACS 2024 5-year detailed tables,estimated,s11a_acs_2024_5yr,moderate,real,verified,Aggregate household-size estimate; no household-level inference.
OBS-MUNI-2679240-HOUSAGE,median_year_structure_built,1981.0,year,2024,2025,2020-2024,1600000US2679240,place,MUNI-2679240,ACS 2024 5-year detailed tables,estimated,s11a_acs_2024_5yr,moderate,real,verified,Descriptive housing-age context; not a condition or maintenance score.
OBS-MUNI-3907972-POP20,population_count,30808.0,persons,2020,2021,2020-04-01 enumeration,1600000US3907972,place,MUNI-3907972,2020 Decennial Census P.L. 94-171 P1,observed,s11a_decennial_oh_pl,high,real,verified,Enumerated 2020 person count.
OBS-MUNI-3907972-HU20,housing_unit_count,12796.0,housing_units,2020,2021,2020-04-01 enumeration,1600000US3907972,place,MUNI-3907972,2020 Decennial Census P.L. 94-171 H1/geography,observed,s11a_decennial_oh_pl,high,real,verified,Enumerated housing units; not households or occupied units.
OBS-MUNI-3907972-DENS20,population_density,2408.747746925254,persons_per_square_mile,2020,2021,2020-04-01 enumeration and 2020 geography,1600000US3907972,place,MUNI-3907972,2020 Decennial Census P.L. 94-171 plus Census geography area,observed,s11a_decennial_oh_pl,high,real,verified,Density is a derived ratio and is not a block-level observation.
OBS-MUNI-3907972-ACSP,population_count,29983.0,persons,2024,2025,2020-2024,1600000US3907972,place,MUNI-3907972,ACS 2024 5-year detailed tables,estimated,s11a_acs_2024_5yr,high,real,verified,ACS estimate; not an enumerated 2026 count.
OBS-MUNI-3907972-HH,household_count,12056.0,households,2024,2025,2020-2024,1600000US3907972,place,MUNI-3907972,ACS 2024 5-year detailed tables,estimated,s11a_acs_2024_5yr,high,real,verified,Households are not persons or housing units.
OBS-MUNI-3907972-HUACS,housing_unit_count,12626.0,housing_units,2024,2025,2020-2024,1600000US3907972,place,MUNI-3907972,ACS 2024 5-year detailed tables,estimated,s11a_acs_2024_5yr,high,real,verified,ACS housing-unit estimate; distinct from 2020 enumeration.
OBS-MUNI-3907972-OCC,occupied_housing_units,12056.0,housing_units,2024,2025,2020-2024,1600000US3907972,place,MUNI-3907972,ACS 2024 5-year detailed tables,estimated,s11a_acs_2024_5yr,high,real,verified,Occupied unit estimate; not a utility connection or household welfare measure.
OBS-MUNI-3907972-VAC,vacant_housing_units,570.0,housing_units,2024,2025,2020-2024,1600000US3907972,place,MUNI-3907972,ACS 2024 5-year detailed tables,estimated,s11a_acs_2024_5yr,high,real,verified,Vacancy is descriptive housing context; no reason for vacancy is inferred.
OBS-MUNI-3907972-VACSH,vacancy_rate,4.514493901473151,percent,2024,2025,2020-2024,1600000US3907972,place,MUNI-3907972,ACS 2024 5-year detailed tables,estimated,s11a_acs_2024_5yr,high,real,verified,Vacancy rate is not a neighborhood-quality or vulnerability score.
OBS-MUNI-3907972-MEDAGE,median_age,23.5,years,2024,2025,2020-2024,1600000US3907972,place,MUNI-3907972,ACS 2024 5-year detailed tables,estimated,s11a_acs_2024_5yr,moderate,real,verified,Descriptive aggregate age context only.
OBS-MUNI-3907972-UNDER18,age_under_18_share,13.440949871593903,percent,2024,2025,2020-2024,1600000US3907972,place,MUNI-3907972,ACS 2024 5-year detailed tables,estimated,s11a_acs_2024_5yr,moderate,real,verified,Descriptive aggregate age structure; no vulnerability ranking.
OBS-MUNI-3907972-AGE65,age_65_plus_share,10.9061801687623,percent,2024,2025,2020-2024,1600000US3907972,place,MUNI-3907972,ACS 2024 5-year detailed tables,estimated,s11a_acs_2024_5yr,moderate,real,verified,Descriptive aggregate age structure; no vulnerability ranking.
OBS-MUNI-3907972-HHSIZE,average_household_size,2.07,persons_per_household,2024,2025,2020-2024,1600000US3907972,place,MUNI-3907972,ACS 2024 5-year detailed tables,estimated,s11a_acs_2024_5yr,moderate,real,verified,Aggregate household-size estimate; no household-level inference.
OBS-MUNI-3907972-HOUSAGE,median_year_structure_built,1980.0,year,2024,2025,2020-2024,1600000US3907972,place,MUNI-3907972,ACS 2024 5-year detailed tables,estimated,s11a_acs_2024_5yr,moderate,real,verified,Descriptive housing-age context; not a condition or maintenance score.
OBS-MUNI-3909792-POP20,population_count,8729.0,persons,2020,2021,2020-04-01 enumeration,1600000US3909792,place,MUNI-3909792,2020 Decennial Census P.L. 94-171 P1,observed,s11a_decennial_oh_pl,high,real,verified,Enumerated 2020 person count.
OBS-MUNI-3909792-HU20,housing_unit_count,4133.0,housing_units,2020,2021,2020-04-01 enumeration,1600000US3909792,place,MUNI-3909792,2020 Decennial Census P.L. 94-171 H1/geography,observed,s11a_decennial_oh_pl,high,real,verified,Enumerated housing units; not households or occupied units.
OBS-MUNI-3909792-DENS20,population_density,1615.498478119316,persons_per_square_mile,2020,2021,2020-04-01 enumeration and 2020 geography,1600000US3909792,place,MUNI-3909792,2020 Decennial Census P.L. 94-171 plus Census geography area,observed,s11a_decennial_oh_pl,high,real,verified,Density is a derived ratio and is not a block-level observation.
OBS-MUNI-3909792-ACSP,population_count,8631.0,persons,2024,2025,2020-2024,1600000US3909792,place,MUNI-3909792,ACS 2024 5-year detailed tables,estimated,s11a_acs_2024_5yr,high,real,verified,ACS estimate; not an enumerated 2026 count.
OBS-MUNI-3909792-HH,household_count,4150.0,households,2024,2025,2020-2024,1600000US3909792,place,MUNI-3909792,ACS 2024 5-year detailed tables,estimated,s11a_acs_2024_5yr,high,real,verified,Households are not persons or housing units.
OBS-MUNI-3909792-HUACS,housing_unit_count,4247.0,housing_units,2024,2025,2020-2024,1600000US3909792,place,MUNI-3909792,ACS 2024 5-year detailed tables,estimated,s11a_acs_2024_5yr,high,real,verified,ACS housing-unit estimate; distinct from 2020 enumeration.
OBS-MUNI-3909792-OCC,occupied_housing_units,4150.0,housing_units,2024,2025,2020-2024,1600000US3909792,place,MUNI-3909792,ACS 2024 5-year detailed tables,estimated,s11a_acs_2024_5yr,high,real,verified,Occupied unit estimate; not a utility connection or household welfare measure.
OBS-MUNI-3909792-VAC,vacant_housing_units,97.0,housing_units,2024,2025,2020-2024,1600000US3909792,place,MUNI-3909792,ACS 2024 5-year detailed tables,estimated,s11a_acs_2024_5yr,high,real,verified,Vacancy is descriptive housing context; no reason for vacancy is inferred.
OBS-MUNI-3909792-VACSH,vacancy_rate,2.2839651518719095,percent,2024,2025,2020-2024,1600000US3909792,place,MUNI-3909792,ACS 2024 5-year detailed tables,estimated,s11a_acs_2024_5yr,high,real,verified,Vacancy rate is not a neighborhood-quality or vulnerability score.
OBS-MUNI-3909792-MEDAGE,median_age,43.4,years,2024,2025,2020-2024,1600000US3909792,place,MUNI-3909792,ACS 2024 5-year detailed tables,estimated,s11a_acs_2024_5yr,moderate,real,verified,Descriptive aggregate age context only.
OBS-MUNI-3909792-UNDER18,age_under_18_share,17.796315606534584,percent,2024,2025,2020-2024,1600000US3909792,place,MUNI-3909792,ACS 2024 5-year detailed tables,estimated,s11a_acs_2024_5yr,moderate,real,verified,Descriptive aggregate age structure; no vulnerability ranking.
OBS-MUNI-3909792-AGE65,age_65_plus_share,26.42799212142278,percent,2024,2025,2020-2024,1600000US3909792,place,MUNI-3909792,ACS 2024 5-year detailed tables,estimated,s11a_acs_2024_5yr,moderate,real,verified,Descriptive aggregate age structure; no vulnerability ranking.
OBS-MUNI-3909792-HHSIZE,average_household_size,2.04,persons_per_household,2024,2025,2020-2024,1600000US3909792,place,MUNI-3909792,ACS 2024 5-year detailed tables,estimated,s11a_acs_2024_5yr,moderate,real,verified,Aggregate household-size estimate; no household-level inference.
OBS-MUNI-3909792-HOUSAGE,median_year_structure_built,1963.0,year,2024,2025,2020-2024,1600000US3909792,place,MUNI-3909792,ACS 2024 5-year detailed tables,estimated,s11a_acs_2024_5yr,moderate,real,verified,Descriptive housing-age context; not a condition or maintenance score.
OBS-MUNI-3916308-POP20,population_count,6294.0,persons,2020,2021,2020-04-01 enumeration,1600000US3916308,place,MUNI-3916308,2020 Decennial Census P.L. 94-171 P1,observed,s11a_decennial_oh_pl,high,real,verified,Enumerated 2020 person count.
OBS-MUNI-3916308-HU20,housing_unit_count,2727.0,housing_units,2020,2021,2020-04-01 enumeration,1600000US3916308,place,MUNI-3916308,2020 Decennial Census P.L. 94-171 H1/geography,observed,s11a_decennial_oh_pl,high,real,verified,Enumerated housing units; not households or occupied units.
OBS-MUNI-3916308-DENS20,population_density,1204.5138955438829,persons_per_square_mile,2020,2021,2020-04-01 enumeration and 2020 geography,1600000US3916308,place,MUNI-3916308,2020 Decennial Census P.L. 94-171 plus Census geography area,observed,s11a_decennial_oh_pl,high,real,verified,Density is a derived ratio and is not a block-level observation.
OBS-MUNI-3916308-ACSP,population_count,6331.0,persons,2024,2025,2020-2024,1600000US3916308,place,MUNI-3916308,ACS 2024 5-year detailed tables,estimated,s11a_acs_2024_5yr,high,real,verified,ACS estimate; not an enumerated 2026 count.
OBS-MUNI-3916308-HH,household_count,2897.0,households,2024,2025,2020-2024,1600000US3916308,place,MUNI-3916308,ACS 2024 5-year detailed tables,estimated,s11a_acs_2024_5yr,high,real,verified,Households are not persons or housing units.
OBS-MUNI-3916308-HUACS,housing_unit_count,2979.0,housing_units,2024,2025,2020-2024,1600000US3916308,place,MUNI-3916308,ACS 2024 5-year detailed tables,estimated,s11a_acs_2024_5yr,high,real,verified,ACS housing-unit estimate; distinct from 2020 enumeration.
OBS-MUNI-3916308-OCC,occupied_housing_units,2897.0,housing_units,2024,2025,2020-2024,1600000US3916308,place,MUNI-3916308,ACS 2024 5-year detailed tables,estimated,s11a_acs_2024_5yr,high,real,verified,Occupied unit estimate; not a utility connection or household welfare measure.
OBS-MUNI-3916308-VAC,vacant_housing_units,82.0,housing_units,2024,2025,2020-2024,1600000US3916308,place,MUNI-3916308,ACS 2024 5-year detailed tables,estimated,s11a_acs_2024_5yr,high,real,verified,Vacancy is descriptive housing context; no reason for vacancy is inferred.
OBS-MUNI-3916308-VACSH,vacancy_rate,2.7526015441423297,percent,2024,2025,2020-2024,1600000US3916308,place,MUNI-3916308,ACS 2024 5-year detailed tables,estimated,s11a_acs_2024_5yr,high,real,verified,Vacancy rate is not a neighborhood-quality or vulnerability score.
OBS-MUNI-3916308-MEDAGE,median_age,46.0,years,2024,2025,2020-2024,1600000US3916308,place,MUNI-3916308,ACS 2024 5-year detailed tables,estimated,s11a_acs_2024_5yr,moderate,real,verified,Descriptive aggregate age context only.
OBS-MUNI-3916308-UNDER18,age_under_18_share,17.580161111988627,percent,2024,2025,2020-2024,1600000US3916308,place,MUNI-3916308,ACS 2024 5-year detailed tables,estimated,s11a_acs_2024_5yr,moderate,real,verified,Descriptive aggregate age structure; no vulnerability ranking.
OBS-MUNI-3916308-AGE65,age_65_plus_share,19.71252566735113,percent,2024,2025,2020-2024,1600000US3916308,place,MUNI-3916308,ACS 2024 5-year detailed tables,estimated,s11a_acs_2024_5yr,moderate,real,verified,Descriptive aggregate age structure; no vulnerability ranking.
OBS-MUNI-3916308-HHSIZE,average_household_size,2.15,persons_per_household,2024,2025,2020-2024,1600000US3916308,place,MUNI-3916308,ACS 2024 5-year detailed tables,estimated,s11a_acs_2024_5yr,moderate,real,verified,Aggregate household-size estimate; no household-level inference.
OBS-MUNI-3916308-HOUSAGE,median_year_structure_built,1971.0,year,2024,2025,2020-2024,1600000US3916308,place,MUNI-3916308,ACS 2024 5-year detailed tables,estimated,s11a_acs_2024_5yr,moderate,real,verified,Descriptive housing-age context; not a condition or maintenance score.
OBS-MUNI-3921308-POP20,population_count,17066.0,persons,2020,2021,2020-04-01 enumeration,1600000US3921308,place,MUNI-3921308,2020 Decennial Census P.L. 94-171 P1,observed,s11a_decennial_oh_pl,high,real,verified,Enumerated 2020 person count.
OBS-MUNI-3921308-HU20,housing_unit_count,7661.0,housing_units,2020,2021,2020-04-01 enumeration,1600000US3921308,place,MUNI-3921308,2020 Decennial Census P.L. 94-171 H1/geography,observed,s11a_decennial_oh_pl,high,real,verified,Enumerated housing units; not households or occupied units.
OBS-MUNI-3921308-DENS20,population_density,1347.2875786147993,persons_per_square_mile,2020,2021,2020-04-01 enumeration and 2020 geography,1600000US3921308,place,MUNI-3921308,2020 Decennial Census P.L. 94-171 plus Census geography area,observed,s11a_decennial_oh_pl,high,real,verified,Density is a derived ratio and is not a block-level observation.
OBS-MUNI-3921308-ACSP,population_count,17276.0,persons,2024,2025,2020-2024,1600000US3921308,place,MUNI-3921308,ACS 2024 5-year detailed tables,estimated,s11a_acs_2024_5yr,high,real,verified,ACS estimate; not an enumerated 2026 count.
OBS-MUNI-3921308-HH,household_count,7412.0,households,2024,2025,2020-2024,1600000US3921308,place,MUNI-3921308,ACS 2024 5-year detailed tables,estimated,s11a_acs_2024_5yr,high,real,verified,Households are not persons or housing units.
OBS-MUNI-3921308-HUACS,housing_unit_count,8164.0,housing_units,2024,2025,2020-2024,1600000US3921308,place,MUNI-3921308,ACS 2024 5-year detailed tables,estimated,s11a_acs_2024_5yr,high,real,verified,ACS housing-unit estimate; distinct from 2020 enumeration.
OBS-MUNI-3921308-OCC,occupied_housing_units,7412.0,housing_units,2024,2025,2020-2024,1600000US3921308,place,MUNI-3921308,ACS 2024 5-year detailed tables,estimated,s11a_acs_2024_5yr,high,real,verified,Occupied unit estimate; not a utility connection or household welfare measure.
OBS-MUNI-3921308-VAC,vacant_housing_units,752.0,housing_units,2024,2025,2020-2024,1600000US3921308,place,MUNI-3921308,ACS 2024 5-year detailed tables,estimated,s11a_acs_2024_5yr,high,real,verified,Vacancy is descriptive housing context; no reason for vacancy is inferred.
OBS-MUNI-3921308-VACSH,vacancy_rate,9.211170994610484,percent,2024,2025,2020-2024,1600000US3921308,place,MUNI-3921308,ACS 2024 5-year detailed tables,estimated,s11a_acs_2024_5yr,high,real,verified,Vacancy rate is not a neighborhood-quality or vulnerability score.
OBS-MUNI-3921308-MEDAGE,median_age,41.8,years,2024,2025,2020-2024,1600000US3921308,place,MUNI-3921308,ACS 2024 5-year detailed tables,estimated,s11a_acs_2024_5yr,moderate,real,verified,Descriptive aggregate age context only.
OBS-MUNI-3921308-UNDER18,age_under_18_share,19.68626996990044,percent,2024,2025,2020-2024,1600000US3921308,place,MUNI-3921308,ACS 2024 5-year detailed tables,estimated,s11a_acs_2024_5yr,moderate,real,verified,Descriptive aggregate age structure; no vulnerability ranking.
OBS-MUNI-3921308-AGE65,age_65_plus_share,21.665894883074785,percent,2024,2025,2020-2024,1600000US3921308,place,MUNI-3921308,ACS 2024 5-year detailed tables,estimated,s11a_acs_2024_5yr,moderate,real,verified,Descriptive aggregate age structure; no vulnerability ranking.
OBS-MUNI-3921308-HHSIZE,average_household_size,2.25,persons_per_household,2024,2025,2020-2024,1600000US3921308,place,MUNI-3921308,ACS 2024 5-year detailed tables,estimated,s11a_acs_2024_5yr,moderate,real,verified,Aggregate household-size estimate; no household-level inference.
OBS-MUNI-3921308-HOUSAGE,median_year_structure_built,1965.0,year,2024,2025,2020-2024,1600000US3921308,place,MUNI-3921308,ACS 2024 5-year detailed tables,estimated,s11a_acs_2024_5yr,moderate,real,verified,Descriptive housing-age context; not a condition or maintenance score.
OBS-MUNI-3927048-POP20,population_count,40313.0,persons,2020,2021,2020-04-01 enumeration,1600000US3927048,place,MUNI-3927048,2020 Decennial Census P.L. 94-171 P1,observed,s11a_decennial_oh_pl,high,real,verified,Enumerated 2020 person count.
OBS-MUNI-3927048-HU20,housing_unit_count,19327.0,housing_units,2020,2021,2020-04-01 enumeration,1600000US3927048,place,MUNI-3927048,2020 Decennial Census P.L. 94-171 H1/geography,observed,s11a_decennial_oh_pl,high,real,verified,Enumerated housing units; not households or occupied units.
OBS-MUNI-3927048-DENS20,population_density,2052.328657395918,persons_per_square_mile,2020,2021,2020-04-01 enumeration and 2020 geography,1600000US3927048,place,MUNI-3927048,2020 Decennial Census P.L. 94-171 plus Census geography area,observed,s11a_decennial_oh_pl,high,real,verified,Density is a derived ratio and is not a block-level observation.
OBS-MUNI-3927048-ACSP,population_count,40287.0,persons,2024,2025,2020-2024,1600000US3927048,place,MUNI-3927048,ACS 2024 5-year detailed tables,estimated,s11a_acs_2024_5yr,high,real,verified,ACS estimate; not an enumerated 2026 count.
OBS-MUNI-3927048-HH,household_count,17986.0,households,2024,2025,2020-2024,1600000US3927048,place,MUNI-3927048,ACS 2024 5-year detailed tables,estimated,s11a_acs_2024_5yr,high,real,verified,Households are not persons or housing units.
OBS-MUNI-3927048-HUACS,housing_unit_count,19200.0,housing_units,2024,2025,2020-2024,1600000US3927048,place,MUNI-3927048,ACS 2024 5-year detailed tables,estimated,s11a_acs_2024_5yr,high,real,verified,ACS housing-unit estimate; distinct from 2020 enumeration.
OBS-MUNI-3927048-OCC,occupied_housing_units,17986.0,housing_units,2024,2025,2020-2024,1600000US3927048,place,MUNI-3927048,ACS 2024 5-year detailed tables,estimated,s11a_acs_2024_5yr,high,real,verified,Occupied unit estimate; not a utility connection or household welfare measure.
OBS-MUNI-3927048-VAC,vacant_housing_units,1214.0,housing_units,2024,2025,2020-2024,1600000US3927048,place,MUNI-3927048,ACS 2024 5-year detailed tables,estimated,s11a_acs_2024_5yr,high,real,verified,Vacancy is descriptive housing context; no reason for vacancy is inferred.
OBS-MUNI-3927048-VACSH,vacancy_rate,6.322916666666667,percent,2024,2025,2020-2024,1600000US3927048,place,MUNI-3927048,ACS 2024 5-year detailed tables,estimated,s11a_acs_2024_5yr,high,real,verified,Vacancy rate is not a neighborhood-quality or vulnerability score.
OBS-MUNI-3927048-MEDAGE,median_age,38.0,years,2024,2025,2020-2024,1600000US3927048,place,MUNI-3927048,ACS 2024 5-year detailed tables,estimated,s11a_acs_2024_5yr,moderate,real,verified,Descriptive aggregate age context only.
OBS-MUNI-3927048-UNDER18,age_under_18_share,19.894755131928413,percent,2024,2025,2020-2024,1600000US3927048,place,MUNI-3927048,ACS 2024 5-year detailed tables,estimated,s11a_acs_2024_5yr,moderate,real,verified,Descriptive aggregate age structure; no vulnerability ranking.
OBS-MUNI-3927048-AGE65,age_65_plus_share,19.150098046516245,percent,2024,2025,2020-2024,1600000US3927048,place,MUNI-3927048,ACS 2024 5-year detailed tables,estimated,s11a_acs_2024_5yr,moderate,real,verified,Descriptive aggregate age structure; no vulnerability ranking.
OBS-MUNI-3927048-HHSIZE,average_household_size,2.15,persons_per_household,2024,2025,2020-2024,1600000US3927048,place,MUNI-3927048,ACS 2024 5-year detailed tables,estimated,s11a_acs_2024_5yr,moderate,real,verified,Aggregate household-size estimate; no household-level inference.
OBS-MUNI-3927048-HOUSAGE,median_year_structure_built,1971.0,year,2024,2025,2020-2024,1600000US3927048,place,MUNI-3927048,ACS 2024 5-year detailed tables,estimated,s11a_acs_2024_5yr,moderate,real,verified,Descriptive housing-age context; not a condition or maintenance score.
OBS-MUNI-3928014-POP20,population_count,13046.0,persons,2020,2021,2020-04-01 enumeration,1600000US3928014,place,MUNI-3928014,2020 Decennial Census P.L. 94-171 P1,observed,s11a_decennial_oh_pl,high,real,verified,Enumerated 2020 person count.
OBS-MUNI-3928014-HU20,housing_unit_count,6026.0,housing_units,2020,2021,2020-04-01 enumeration,1600000US3928014,place,MUNI-3928014,2020 Decennial Census P.L. 94-171 H1/geography,observed,s11a_decennial_oh_pl,high,real,verified,Enumerated housing units; not households or occupied units.
OBS-MUNI-3928014-DENS20,population_density,1722.4371891755438,persons_per_square_mile,2020,2021,2020-04-01 enumeration and 2020 geography,1600000US3928014,place,MUNI-3928014,2020 Decennial Census P.L. 94-171 plus Census geography area,observed,s11a_decennial_oh_pl,high,real,verified,Density is a derived ratio and is not a block-level observation.
OBS-MUNI-3928014-ACSP,population_count,12344.0,persons,2024,2025,2020-2024,1600000US3928014,place,MUNI-3928014,ACS 2024 5-year detailed tables,estimated,s11a_acs_2024_5yr,high,real,verified,ACS estimate; not an enumerated 2026 count.
OBS-MUNI-3928014-HH,household_count,5097.0,households,2024,2025,2020-2024,1600000US3928014,place,MUNI-3928014,ACS 2024 5-year detailed tables,estimated,s11a_acs_2024_5yr,high,real,verified,Households are not persons or housing units.
OBS-MUNI-3928014-HUACS,housing_unit_count,5793.0,housing_units,2024,2025,2020-2024,1600000US3928014,place,MUNI-3928014,ACS 2024 5-year detailed tables,estimated,s11a_acs_2024_5yr,high,real,verified,ACS housing-unit estimate; distinct from 2020 enumeration.
OBS-MUNI-3928014-OCC,occupied_housing_units,5097.0,housing_units,2024,2025,2020-2024,1600000US3928014,place,MUNI-3928014,ACS 2024 5-year detailed tables,estimated,s11a_acs_2024_5yr,high,real,verified,Occupied unit estimate; not a utility connection or household welfare measure.
OBS-MUNI-3928014-VAC,vacant_housing_units,696.0,housing_units,2024,2025,2020-2024,1600000US3928014,place,MUNI-3928014,ACS 2024 5-year detailed tables,estimated,s11a_acs_2024_5yr,high,real,verified,Vacancy is descriptive housing context; no reason for vacancy is inferred.
OBS-MUNI-3928014-VACSH,vacancy_rate,12.014500258933197,percent,2024,2025,2020-2024,1600000US3928014,place,MUNI-3928014,ACS 2024 5-year detailed tables,estimated,s11a_acs_2024_5yr,high,real,verified,Vacancy rate is not a neighborhood-quality or vulnerability score.
OBS-MUNI-3928014-MEDAGE,median_age,39.1,years,2024,2025,2020-2024,1600000US3928014,place,MUNI-3928014,ACS 2024 5-year detailed tables,estimated,s11a_acs_2024_5yr,moderate,real,verified,Descriptive aggregate age context only.
OBS-MUNI-3928014-UNDER18,age_under_18_share,23.460790667530784,percent,2024,2025,2020-2024,1600000US3928014,place,MUNI-3928014,ACS 2024 5-year detailed tables,estimated,s11a_acs_2024_5yr,moderate,real,verified,Descriptive aggregate age structure; no vulnerability ranking.
OBS-MUNI-3928014-AGE65,age_65_plus_share,17.960142579390798,percent,2024,2025,2020-2024,1600000US3928014,place,MUNI-3928014,ACS 2024 5-year detailed tables,estimated,s11a_acs_2024_5yr,moderate,real,verified,Descriptive aggregate age structure; no vulnerability ranking.
OBS-MUNI-3928014-HHSIZE,average_household_size,2.36,persons_per_household,2024,2025,2020-2024,1600000US3928014,place,MUNI-3928014,ACS 2024 5-year detailed tables,estimated,s11a_acs_2024_5yr,moderate,real,verified,Aggregate household-size estimate; no household-level inference.
OBS-MUNI-3928014-HOUSAGE,median_year_structure_built,1952.0,year,2024,2025,2020-2024,1600000US3928014,place,MUNI-3928014,ACS 2024 5-year detailed tables,estimated,s11a_acs_2024_5yr,moderate,real,verified,Descriptive housing-age context; not a condition or maintenance score.
OBS-MUNI-3928826-POP20,population_count,15930.0,persons,2020,2021,2020-04-01 enumeration,1600000US3928826,place,MUNI-3928826,2020 Decennial Census P.L. 94-171 P1,observed,s11a_decennial_oh_pl,high,real,verified,Enumerated 2020 person count.
OBS-MUNI-3928826-HU20,housing_unit_count,7506.0,housing_units,2020,2021,2020-04-01 enumeration,1600000US3928826,place,MUNI-3928826,2020 Decennial Census P.L. 94-171 H1/geography,observed,s11a_decennial_oh_pl,high,real,verified,Enumerated housing units; not households or occupied units.
OBS-MUNI-3928826-DENS20,population_density,1869.2028426342815,persons_per_square_mile,2020,2021,2020-04-01 enumeration and 2020 geography,1600000US3928826,place,MUNI-3928826,2020 Decennial Census P.L. 94-171 plus Census geography area,observed,s11a_decennial_oh_pl,high,real,verified,Density is a derived ratio and is not a block-level observation.
OBS-MUNI-3928826-ACSP,population_count,15835.0,persons,2024,2025,2020-2024,1600000US3928826,place,MUNI-3928826,ACS 2024 5-year detailed tables,estimated,s11a_acs_2024_5yr,high,real,verified,ACS estimate; not an enumerated 2026 count.
OBS-MUNI-3928826-HH,household_count,6763.0,households,2024,2025,2020-2024,1600000US3928826,place,MUNI-3928826,ACS 2024 5-year detailed tables,estimated,s11a_acs_2024_5yr,high,real,verified,Households are not persons or housing units.
OBS-MUNI-3928826-HUACS,housing_unit_count,7550.0,housing_units,2024,2025,2020-2024,1600000US3928826,place,MUNI-3928826,ACS 2024 5-year detailed tables,estimated,s11a_acs_2024_5yr,high,real,verified,ACS housing-unit estimate; distinct from 2020 enumeration.
OBS-MUNI-3928826-OCC,occupied_housing_units,6763.0,housing_units,2024,2025,2020-2024,1600000US3928826,place,MUNI-3928826,ACS 2024 5-year detailed tables,estimated,s11a_acs_2024_5yr,high,real,verified,Occupied unit estimate; not a utility connection or household welfare measure.
OBS-MUNI-3928826-VAC,vacant_housing_units,787.0,housing_units,2024,2025,2020-2024,1600000US3928826,place,MUNI-3928826,ACS 2024 5-year detailed tables,estimated,s11a_acs_2024_5yr,high,real,verified,Vacancy is descriptive housing context; no reason for vacancy is inferred.
OBS-MUNI-3928826-VACSH,vacancy_rate,10.42384105960265,percent,2024,2025,2020-2024,1600000US3928826,place,MUNI-3928826,ACS 2024 5-year detailed tables,estimated,s11a_acs_2024_5yr,high,real,verified,Vacancy rate is not a neighborhood-quality or vulnerability score.
OBS-MUNI-3928826-MEDAGE,median_age,36.8,years,2024,2025,2020-2024,1600000US3928826,place,MUNI-3928826,ACS 2024 5-year detailed tables,estimated,s11a_acs_2024_5yr,moderate,real,verified,Descriptive aggregate age context only.
OBS-MUNI-3928826-UNDER18,age_under_18_share,25.431007262393436,percent,2024,2025,2020-2024,1600000US3928826,place,MUNI-3928826,ACS 2024 5-year detailed tables,estimated,s11a_acs_2024_5yr,moderate,real,verified,Descriptive aggregate age structure; no vulnerability ranking.
OBS-MUNI-3928826-AGE65,age_65_plus_share,15.97095042627092,percent,2024,2025,2020-2024,1600000US3928826,place,MUNI-3928826,ACS 2024 5-year detailed tables,estimated,s11a_acs_2024_5yr,moderate,real,verified,Descriptive aggregate age structure; no vulnerability ranking.
OBS-MUNI-3928826-HHSIZE,average_household_size,2.28,persons_per_household,2024,2025,2020-2024,1600000US3928826,place,MUNI-3928826,ACS 2024 5-year detailed tables,estimated,s11a_acs_2024_5yr,moderate,real,verified,Aggregate household-size estimate; no household-level inference.
OBS-MUNI-3928826-HOUSAGE,median_year_structure_built,1951.0,year,2024,2025,2020-2024,1600000US3928826,place,MUNI-3928826,ACS 2024 5-year detailed tables,estimated,s11a_acs_2024_5yr,moderate,real,verified,Descriptive housing-age context; not a condition or maintenance score.
OBS-MUNI-3948342-POP20,population_count,13896.0,persons,2020,2021,2020-04-01 enumeration,1600000US3948342,place,MUNI-3948342,2020 Decennial Census P.L. 94-171 P1,observed,s11a_decennial_oh_pl,high,real,verified,Enumerated 2020 person count.
OBS-MUNI-3948342-HU20,housing_unit_count,6463.0,housing_units,2020,2021,2020-04-01 enumeration,1600000US3948342,place,MUNI-3948342,2020 Decennial Census P.L. 94-171 H1/geography,observed,s11a_decennial_oh_pl,high,real,verified,Enumerated housing units; not households or occupied units.
OBS-MUNI-3948342-DENS20,population_density,1383.3446950556613,persons_per_square_mile,2020,2021,2020-04-01 enumeration and 2020 geography,1600000US3948342,place,MUNI-3948342,2020 Decennial Census P.L. 94-171 plus Census geography area,observed,s11a_decennial_oh_pl,high,real,verified,Density is a derived ratio and is not a block-level observation.
OBS-MUNI-3948342-ACSP,population_count,13715.0,persons,2024,2025,2020-2024,1600000US3948342,place,MUNI-3948342,ACS 2024 5-year detailed tables,estimated,s11a_acs_2024_5yr,high,real,verified,ACS estimate; not an enumerated 2026 count.
OBS-MUNI-3948342-HH,household_count,6004.0,households,2024,2025,2020-2024,1600000US3948342,place,MUNI-3948342,ACS 2024 5-year detailed tables,estimated,s11a_acs_2024_5yr,high,real,verified,Households are not persons or housing units.
OBS-MUNI-3948342-HUACS,housing_unit_count,6217.0,housing_units,2024,2025,2020-2024,1600000US3948342,place,MUNI-3948342,ACS 2024 5-year detailed tables,estimated,s11a_acs_2024_5yr,high,real,verified,ACS housing-unit estimate; distinct from 2020 enumeration.
OBS-MUNI-3948342-OCC,occupied_housing_units,6004.0,housing_units,2024,2025,2020-2024,1600000US3948342,place,MUNI-3948342,ACS 2024 5-year detailed tables,estimated,s11a_acs_2024_5yr,high,real,verified,Occupied unit estimate; not a utility connection or household welfare measure.
OBS-MUNI-3948342-VAC,vacant_housing_units,213.0,housing_units,2024,2025,2020-2024,1600000US3948342,place,MUNI-3948342,ACS 2024 5-year detailed tables,estimated,s11a_acs_2024_5yr,high,real,verified,Vacancy is descriptive housing context; no reason for vacancy is inferred.
OBS-MUNI-3948342-VACSH,vacancy_rate,3.426089753900595,percent,2024,2025,2020-2024,1600000US3948342,place,MUNI-3948342,ACS 2024 5-year detailed tables,estimated,s11a_acs_2024_5yr,high,real,verified,Vacancy rate is not a neighborhood-quality or vulnerability score.
OBS-MUNI-3948342-MEDAGE,median_age,40.4,years,2024,2025,2020-2024,1600000US3948342,place,MUNI-3948342,ACS 2024 5-year detailed tables,estimated,s11a_acs_2024_5yr,moderate,real,verified,Descriptive aggregate age context only.
OBS-MUNI-3948342-UNDER18,age_under_18_share,21.10827561064528,percent,2024,2025,2020-2024,1600000US3948342,place,MUNI-3948342,ACS 2024 5-year detailed tables,estimated,s11a_acs_2024_5yr,moderate,real,verified,Descriptive aggregate age structure; no vulnerability ranking.
OBS-MUNI-3948342-AGE65,age_65_plus_share,19.110462996718923,percent,2024,2025,2020-2024,1600000US3948342,place,MUNI-3948342,ACS 2024 5-year detailed tables,estimated,s11a_acs_2024_5yr,moderate,real,verified,Descriptive aggregate age structure; no vulnerability ranking.
OBS-MUNI-3948342-HHSIZE,average_household_size,2.28,persons_per_household,2024,2025,2020-2024,1600000US3948342,place,MUNI-3948342,ACS 2024 5-year detailed tables,estimated,s11a_acs_2024_5yr,moderate,real,verified,Aggregate household-size estimate; no household-level inference.
OBS-MUNI-3948342-HOUSAGE,median_year_structure_built,1963.0,year,2024,2025,2020-2024,1600000US3948342,place,MUNI-3948342,ACS 2024 5-year detailed tables,estimated,s11a_acs_2024_5yr,moderate,real,verified,Descriptive housing-age context; not a condition or maintenance score.
OBS-MUNI-3953550-POP20,population_count,8862.0,persons,2020,2021,2020-04-01 enumeration,1600000US3953550,place,MUNI-3953550,2020 Decennial Census P.L. 94-171 P1,observed,s11a_decennial_oh_pl,high,real,verified,Enumerated 2020 person count.
OBS-MUNI-3953550-HU20,housing_unit_count,4095.0,housing_units,2020,2021,2020-04-01 enumeration,1600000US3953550,place,MUNI-3953550,2020 Decennial Census P.L. 94-171 H1/geography,observed,s11a_decennial_oh_pl,high,real,verified,Enumerated housing units; not households or occupied units.
OBS-MUNI-3953550-DENS20,population_density,1426.0389396383118,persons_per_square_mile,2020,2021,2020-04-01 enumeration and 2020 geography,1600000US3953550,place,MUNI-3953550,2020 Decennial Census P.L. 94-171 plus Census geography area,observed,s11a_decennial_oh_pl,high,real,verified,Density is a derived ratio and is not a block-level observation.
OBS-MUNI-3953550-ACSP,population_count,8802.0,persons,2024,2025,2020-2024,1600000US3953550,place,MUNI-3953550,ACS 2024 5-year detailed tables,estimated,s11a_acs_2024_5yr,high,real,verified,ACS estimate; not an enumerated 2026 count.
OBS-MUNI-3953550-HH,household_count,3801.0,households,2024,2025,2020-2024,1600000US3953550,place,MUNI-3953550,ACS 2024 5-year detailed tables,estimated,s11a_acs_2024_5yr,high,real,verified,Households are not persons or housing units.
OBS-MUNI-3953550-HUACS,housing_unit_count,3954.0,housing_units,2024,2025,2020-2024,1600000US3953550,place,MUNI-3953550,ACS 2024 5-year detailed tables,estimated,s11a_acs_2024_5yr,high,real,verified,ACS housing-unit estimate; distinct from 2020 enumeration.
OBS-MUNI-3953550-OCC,occupied_housing_units,3801.0,housing_units,2024,2025,2020-2024,1600000US3953550,place,MUNI-3953550,ACS 2024 5-year detailed tables,estimated,s11a_acs_2024_5yr,high,real,verified,Occupied unit estimate; not a utility connection or household welfare measure.
OBS-MUNI-3953550-VAC,vacant_housing_units,153.0,housing_units,2024,2025,2020-2024,1600000US3953550,place,MUNI-3953550,ACS 2024 5-year detailed tables,estimated,s11a_acs_2024_5yr,high,real,verified,Vacancy is descriptive housing context; no reason for vacancy is inferred.
OBS-MUNI-3953550-VACSH,vacancy_rate,3.8694992412746583,percent,2024,2025,2020-2024,1600000US3953550,place,MUNI-3953550,ACS 2024 5-year detailed tables,estimated,s11a_acs_2024_5yr,high,real,verified,Vacancy rate is not a neighborhood-quality or vulnerability score.
OBS-MUNI-3953550-MEDAGE,median_age,39.4,years,2024,2025,2020-2024,1600000US3953550,place,MUNI-3953550,ACS 2024 5-year detailed tables,estimated,s11a_acs_2024_5yr,moderate,real,verified,Descriptive aggregate age context only.
OBS-MUNI-3953550-UNDER18,age_under_18_share,23.880936150874803,percent,2024,2025,2020-2024,1600000US3953550,place,MUNI-3953550,ACS 2024 5-year detailed tables,estimated,s11a_acs_2024_5yr,moderate,real,verified,Descriptive aggregate age structure; no vulnerability ranking.
OBS-MUNI-3953550-AGE65,age_65_plus_share,19.177459668257214,percent,2024,2025,2020-2024,1600000US3953550,place,MUNI-3953550,ACS 2024 5-year detailed tables,estimated,s11a_acs_2024_5yr,moderate,real,verified,Descriptive aggregate age structure; no vulnerability ranking.
OBS-MUNI-3953550-HHSIZE,average_household_size,2.26,persons_per_household,2024,2025,2020-2024,1600000US3953550,place,MUNI-3953550,ACS 2024 5-year detailed tables,estimated,s11a_acs_2024_5yr,moderate,real,verified,Aggregate household-size estimate; no household-level inference.
OBS-MUNI-3953550-HOUSAGE,median_year_structure_built,1963.0,year,2024,2025,2020-2024,1600000US3953550,place,MUNI-3953550,ACS 2024 5-year detailed tables,estimated,s11a_acs_2024_5yr,moderate,real,verified,Descriptive housing-age context; not a condition or maintenance score.
OBS-MUNI-3957190-POP20,population_count,5160.0,persons,2020,2021,2020-04-01 enumeration,1600000US3957190,place,MUNI-3957190,2020 Decennial Census P.L. 94-171 P1,observed,s11a_decennial_oh_pl,high,real,verified,Enumerated 2020 person count.
OBS-MUNI-3957190-HU20,housing_unit_count,2182.0,housing_units,2020,2021,2020-04-01 enumeration,1600000US3957190,place,MUNI-3957190,2020 Decennial Census P.L. 94-171 H1/geography,observed,s11a_decennial_oh_pl,high,real,verified,Enumerated housing units; not households or occupied units.
OBS-MUNI-3957190-DENS20,population_density,602.9951662947491,persons_per_square_mile,2020,2021,2020-04-01 enumeration and 2020 geography,1600000US3957190,place,MUNI-3957190,2020 Decennial Census P.L. 94-171 plus Census geography area,observed,s11a_decennial_oh_pl,high,real,verified,Density is a derived ratio and is not a block-level observation.
OBS-MUNI-3957190-ACSP,population_count,5193.0,persons,2024,2025,2020-2024,1600000US3957190,place,MUNI-3957190,ACS 2024 5-year detailed tables,estimated,s11a_acs_2024_5yr,high,real,verified,ACS estimate; not an enumerated 2026 count.
OBS-MUNI-3957190-HH,household_count,2240.0,households,2024,2025,2020-2024,1600000US3957190,place,MUNI-3957190,ACS 2024 5-year detailed tables,estimated,s11a_acs_2024_5yr,high,real,verified,Households are not persons or housing units.
OBS-MUNI-3957190-HUACS,housing_unit_count,2476.0,housing_units,2024,2025,2020-2024,1600000US3957190,place,MUNI-3957190,ACS 2024 5-year detailed tables,estimated,s11a_acs_2024_5yr,high,real,verified,ACS housing-unit estimate; distinct from 2020 enumeration.
OBS-MUNI-3957190-OCC,occupied_housing_units,2240.0,housing_units,2024,2025,2020-2024,1600000US3957190,place,MUNI-3957190,ACS 2024 5-year detailed tables,estimated,s11a_acs_2024_5yr,high,real,verified,Occupied unit estimate; not a utility connection or household welfare measure.
OBS-MUNI-3957190-VAC,vacant_housing_units,236.0,housing_units,2024,2025,2020-2024,1600000US3957190,place,MUNI-3957190,ACS 2024 5-year detailed tables,estimated,s11a_acs_2024_5yr,high,real,verified,Vacancy is descriptive housing context; no reason for vacancy is inferred.
OBS-MUNI-3957190-VACSH,vacancy_rate,9.531502423263328,percent,2024,2025,2020-2024,1600000US3957190,place,MUNI-3957190,ACS 2024 5-year detailed tables,estimated,s11a_acs_2024_5yr,high,real,verified,Vacancy rate is not a neighborhood-quality or vulnerability score.
OBS-MUNI-3957190-MEDAGE,median_age,43.3,years,2024,2025,2020-2024,1600000US3957190,place,MUNI-3957190,ACS 2024 5-year detailed tables,estimated,s11a_acs_2024_5yr,moderate,real,verified,Descriptive aggregate age context only.
OBS-MUNI-3957190-UNDER18,age_under_18_share,20.161756210283073,percent,2024,2025,2020-2024,1600000US3957190,place,MUNI-3957190,ACS 2024 5-year detailed tables,estimated,s11a_acs_2024_5yr,moderate,real,verified,Descriptive aggregate age structure; no vulnerability ranking.
OBS-MUNI-3957190-AGE65,age_65_plus_share,16.425958020412093,percent,2024,2025,2020-2024,1600000US3957190,place,MUNI-3957190,ACS 2024 5-year detailed tables,estimated,s11a_acs_2024_5yr,moderate,real,verified,Descriptive aggregate age structure; no vulnerability ranking.
OBS-MUNI-3957190-HHSIZE,average_household_size,2.3,persons_per_household,2024,2025,2020-2024,1600000US3957190,place,MUNI-3957190,ACS 2024 5-year detailed tables,estimated,s11a_acs_2024_5yr,moderate,real,verified,Aggregate household-size estimate; no household-level inference.
OBS-MUNI-3957190-HOUSAGE,median_year_structure_built,1974.0,year,2024,2025,2020-2024,1600000US3957190,place,MUNI-3957190,ACS 2024 5-year detailed tables,estimated,s11a_acs_2024_5yr,moderate,real,verified,Descriptive housing-age context; not a condition or maintenance score.
OBS-MUNI-3958730-POP20,population_count,19950.0,persons,2020,2021,2020-04-01 enumeration,1600000US3958730,place,MUNI-3958730,2020 Decennial Census P.L. 94-171 P1,observed,s11a_decennial_oh_pl,high,real,verified,Enumerated 2020 person count.
OBS-MUNI-3958730-HU20,housing_unit_count,8981.0,housing_units,2020,2021,2020-04-01 enumeration,1600000US3958730,place,MUNI-3958730,2020 Decennial Census P.L. 94-171 H1/geography,observed,s11a_decennial_oh_pl,high,real,verified,Enumerated housing units; not households or occupied units.
OBS-MUNI-3958730-DENS20,population_density,699.2495562718212,persons_per_square_mile,2020,2021,2020-04-01 enumeration and 2020 geography,1600000US3958730,place,MUNI-3958730,2020 Decennial Census P.L. 94-171 plus Census geography area,observed,s11a_decennial_oh_pl,high,real,verified,Density is a derived ratio and is not a block-level observation.
OBS-MUNI-3958730-ACSP,population_count,19799.0,persons,2024,2025,2020-2024,1600000US3958730,place,MUNI-3958730,ACS 2024 5-year detailed tables,estimated,s11a_acs_2024_5yr,high,real,verified,ACS estimate; not an enumerated 2026 count.
OBS-MUNI-3958730-HH,household_count,8025.0,households,2024,2025,2020-2024,1600000US3958730,place,MUNI-3958730,ACS 2024 5-year detailed tables,estimated,s11a_acs_2024_5yr,high,real,verified,Households are not persons or housing units.
OBS-MUNI-3958730-HUACS,housing_unit_count,8673.0,housing_units,2024,2025,2020-2024,1600000US3958730,place,MUNI-3958730,ACS 2024 5-year detailed tables,estimated,s11a_acs_2024_5yr,high,real,verified,ACS housing-unit estimate; distinct from 2020 enumeration.
OBS-MUNI-3958730-OCC,occupied_housing_units,8025.0,housing_units,2024,2025,2020-2024,1600000US3958730,place,MUNI-3958730,ACS 2024 5-year detailed tables,estimated,s11a_acs_2024_5yr,high,real,verified,Occupied unit estimate; not a utility connection or household welfare measure.
OBS-MUNI-3958730-VAC,vacant_housing_units,648.0,housing_units,2024,2025,2020-2024,1600000US3958730,place,MUNI-3958730,ACS 2024 5-year detailed tables,estimated,s11a_acs_2024_5yr,high,real,verified,Vacancy is descriptive housing context; no reason for vacancy is inferred.
OBS-MUNI-3958730-VACSH,vacancy_rate,7.471463161535801,percent,2024,2025,2020-2024,1600000US3958730,place,MUNI-3958730,ACS 2024 5-year detailed tables,estimated,s11a_acs_2024_5yr,high,real,verified,Vacancy rate is not a neighborhood-quality or vulnerability score.
OBS-MUNI-3958730-MEDAGE,median_age,45.1,years,2024,2025,2020-2024,1600000US3958730,place,MUNI-3958730,ACS 2024 5-year detailed tables,estimated,s11a_acs_2024_5yr,moderate,real,verified,Descriptive aggregate age context only.
OBS-MUNI-3958730-UNDER18,age_under_18_share,20.480832365270974,percent,2024,2025,2020-2024,1600000US3958730,place,MUNI-3958730,ACS 2024 5-year detailed tables,estimated,s11a_acs_2024_5yr,moderate,real,verified,Descriptive aggregate age structure; no vulnerability ranking.
OBS-MUNI-3958730-AGE65,age_65_plus_share,22.662760745492196,percent,2024,2025,2020-2024,1600000US3958730,place,MUNI-3958730,ACS 2024 5-year detailed tables,estimated,s11a_acs_2024_5yr,moderate,real,verified,Descriptive aggregate age structure; no vulnerability ranking.
OBS-MUNI-3958730-HHSIZE,average_household_size,2.42,persons_per_household,2024,2025,2020-2024,1600000US3958730,place,MUNI-3958730,ACS 2024 5-year detailed tables,estimated,s11a_acs_2024_5yr,moderate,real,verified,Aggregate household-size estimate; no household-level inference.
OBS-MUNI-3958730-HOUSAGE,median_year_structure_built,1971.0,year,2024,2025,2020-2024,1600000US3958730,place,MUNI-3958730,ACS 2024 5-year detailed tables,estimated,s11a_acs_2024_5yr,moderate,real,verified,Descriptive housing-age context; not a condition or maintenance score.
OBS-MUNI-3962148-POP20,population_count,25041.0,persons,2020,2021,2020-04-01 enumeration,1600000US3962148,place,MUNI-3962148,2020 Decennial Census P.L. 94-171 P1,observed,s11a_decennial_oh_pl,high,real,verified,Enumerated 2020 person count.
OBS-MUNI-3962148-HU20,housing_unit_count,10520.0,housing_units,2020,2021,2020-04-01 enumeration,1600000US3962148,place,MUNI-3962148,2020 Decennial Census P.L. 94-171 H1/geography,observed,s11a_decennial_oh_pl,high,real,verified,Enumerated housing units; not households or occupied units.
OBS-MUNI-3962148-DENS20,population_density,2105.497025380695,persons_per_square_mile,2020,2021,2020-04-01 enumeration and 2020 geography,1600000US3962148,place,MUNI-3962148,2020 Decennial Census P.L. 94-171 plus Census geography area,observed,s11a_decennial_oh_pl,high,real,verified,Density is a derived ratio and is not a block-level observation.
OBS-MUNI-3962148-ACSP,population_count,25181.0,persons,2024,2025,2020-2024,1600000US3962148,place,MUNI-3962148,ACS 2024 5-year detailed tables,estimated,s11a_acs_2024_5yr,high,real,verified,ACS estimate; not an enumerated 2026 count.
OBS-MUNI-3962148-HH,household_count,10246.0,households,2024,2025,2020-2024,1600000US3962148,place,MUNI-3962148,ACS 2024 5-year detailed tables,estimated,s11a_acs_2024_5yr,high,real,verified,Households are not persons or housing units.
OBS-MUNI-3962148-HUACS,housing_unit_count,10760.0,housing_units,2024,2025,2020-2024,1600000US3962148,place,MUNI-3962148,ACS 2024 5-year detailed tables,estimated,s11a_acs_2024_5yr,high,real,verified,ACS housing-unit estimate; distinct from 2020 enumeration.
OBS-MUNI-3962148-OCC,occupied_housing_units,10246.0,housing_units,2024,2025,2020-2024,1600000US3962148,place,MUNI-3962148,ACS 2024 5-year detailed tables,estimated,s11a_acs_2024_5yr,high,real,verified,Occupied unit estimate; not a utility connection or household welfare measure.
OBS-MUNI-3962148-VAC,vacant_housing_units,514.0,housing_units,2024,2025,2020-2024,1600000US3962148,place,MUNI-3962148,ACS 2024 5-year detailed tables,estimated,s11a_acs_2024_5yr,high,real,verified,Vacancy is descriptive housing context; no reason for vacancy is inferred.
OBS-MUNI-3962148-VACSH,vacancy_rate,4.776951672862453,percent,2024,2025,2020-2024,1600000US3962148,place,MUNI-3962148,ACS 2024 5-year detailed tables,estimated,s11a_acs_2024_5yr,high,real,verified,Vacancy rate is not a neighborhood-quality or vulnerability score.
OBS-MUNI-3962148-MEDAGE,median_age,38.1,years,2024,2025,2020-2024,1600000US3962148,place,MUNI-3962148,ACS 2024 5-year detailed tables,estimated,s11a_acs_2024_5yr,moderate,real,verified,Descriptive aggregate age context only.
OBS-MUNI-3962148-UNDER18,age_under_18_share,25.999761725110204,percent,2024,2025,2020-2024,1600000US3962148,place,MUNI-3962148,ACS 2024 5-year detailed tables,estimated,s11a_acs_2024_5yr,moderate,real,verified,Descriptive aggregate age structure; no vulnerability ranking.
OBS-MUNI-3962148-AGE65,age_65_plus_share,15.702315237679201,percent,2024,2025,2020-2024,1600000US3962148,place,MUNI-3962148,ACS 2024 5-year detailed tables,estimated,s11a_acs_2024_5yr,moderate,real,verified,Descriptive aggregate age structure; no vulnerability ranking.
OBS-MUNI-3962148-HHSIZE,average_household_size,2.42,persons_per_household,2024,2025,2020-2024,1600000US3962148,place,MUNI-3962148,ACS 2024 5-year detailed tables,estimated,s11a_acs_2024_5yr,moderate,real,verified,Aggregate household-size estimate; no household-level inference.
OBS-MUNI-3962148-HOUSAGE,median_year_structure_built,1988.0,year,2024,2025,2020-2024,1600000US3962148,place,MUNI-3962148,ACS 2024 5-year detailed tables,estimated,s11a_acs_2024_5yr,moderate,real,verified,Descriptive housing-age context; not a condition or maintenance score.
OBS-MUNI-3964150-POP20,population_count,6025.0,persons,2020,2021,2020-04-01 enumeration,1600000US3964150,place,MUNI-3964150,2020 Decennial Census P.L. 94-171 P1,observed,s11a_decennial_oh_pl,high,real,verified,Enumerated 2020 person count.
OBS-MUNI-3964150-HU20,housing_unit_count,3670.0,housing_units,2020,2021,2020-04-01 enumeration,1600000US3964150,place,MUNI-3964150,2020 Decennial Census P.L. 94-171 H1/geography,observed,s11a_decennial_oh_pl,high,real,verified,Enumerated housing units; not households or occupied units.
OBS-MUNI-3964150-DENS20,population_density,2827.9678217157248,persons_per_square_mile,2020,2021,2020-04-01 enumeration and 2020 geography,1600000US3964150,place,MUNI-3964150,2020 Decennial Census P.L. 94-171 plus Census geography area,observed,s11a_decennial_oh_pl,high,real,verified,Density is a derived ratio and is not a block-level observation.
OBS-MUNI-3964150-ACSP,population_count,5970.0,persons,2024,2025,2020-2024,1600000US3964150,place,MUNI-3964150,ACS 2024 5-year detailed tables,estimated,s11a_acs_2024_5yr,high,real,verified,ACS estimate; not an enumerated 2026 count.
OBS-MUNI-3964150-HH,household_count,2716.0,households,2024,2025,2020-2024,1600000US3964150,place,MUNI-3964150,ACS 2024 5-year detailed tables,estimated,s11a_acs_2024_5yr,high,real,verified,Households are not persons or housing units.
OBS-MUNI-3964150-HUACS,housing_unit_count,3711.0,housing_units,2024,2025,2020-2024,1600000US3964150,place,MUNI-3964150,ACS 2024 5-year detailed tables,estimated,s11a_acs_2024_5yr,high,real,verified,ACS housing-unit estimate; distinct from 2020 enumeration.
OBS-MUNI-3964150-OCC,occupied_housing_units,2716.0,housing_units,2024,2025,2020-2024,1600000US3964150,place,MUNI-3964150,ACS 2024 5-year detailed tables,estimated,s11a_acs_2024_5yr,high,real,verified,Occupied unit estimate; not a utility connection or household welfare measure.
OBS-MUNI-3964150-VAC,vacant_housing_units,995.0,housing_units,2024,2025,2020-2024,1600000US3964150,place,MUNI-3964150,ACS 2024 5-year detailed tables,estimated,s11a_acs_2024_5yr,high,real,verified,Vacancy is descriptive housing context; no reason for vacancy is inferred.
OBS-MUNI-3964150-VACSH,vacancy_rate,26.812180005389386,percent,2024,2025,2020-2024,1600000US3964150,place,MUNI-3964150,ACS 2024 5-year detailed tables,estimated,s11a_acs_2024_5yr,high,real,verified,Vacancy rate is not a neighborhood-quality or vulnerability score.
OBS-MUNI-3964150-MEDAGE,median_age,44.3,years,2024,2025,2020-2024,1600000US3964150,place,MUNI-3964150,ACS 2024 5-year detailed tables,estimated,s11a_acs_2024_5yr,moderate,real,verified,Descriptive aggregate age context only.
OBS-MUNI-3964150-UNDER18,age_under_18_share,19.966499162479064,percent,2024,2025,2020-2024,1600000US3964150,place,MUNI-3964150,ACS 2024 5-year detailed tables,estimated,s11a_acs_2024_5yr,moderate,real,verified,Descriptive aggregate age structure; no vulnerability ranking.
OBS-MUNI-3964150-AGE65,age_65_plus_share,24.673366834170853,percent,2024,2025,2020-2024,1600000US3964150,place,MUNI-3964150,ACS 2024 5-year detailed tables,estimated,s11a_acs_2024_5yr,moderate,real,verified,Descriptive aggregate age structure; no vulnerability ranking.
OBS-MUNI-3964150-HHSIZE,average_household_size,2.14,persons_per_household,2024,2025,2020-2024,1600000US3964150,place,MUNI-3964150,ACS 2024 5-year detailed tables,estimated,s11a_acs_2024_5yr,moderate,real,verified,Aggregate household-size estimate; no household-level inference.
OBS-MUNI-3964150-HOUSAGE,median_year_structure_built,1960.0,year,2024,2025,2020-2024,1600000US3964150,place,MUNI-3964150,ACS 2024 5-year detailed tables,estimated,s11a_acs_2024_5yr,moderate,real,verified,Descriptive housing-age context; not a condition or maintenance score.
OBS-MUNI-3968686-POP20,population_count,6299.0,persons,2020,2021,2020-04-01 enumeration,1600000US3968686,place,MUNI-3968686,2020 Decennial Census P.L. 94-171 P1,observed,s11a_decennial_oh_pl,high,real,verified,Enumerated 2020 person count.
OBS-MUNI-3968686-HU20,housing_unit_count,2837.0,housing_units,2020,2021,2020-04-01 enumeration,1600000US3968686,place,MUNI-3968686,2020 Decennial Census P.L. 94-171 H1/geography,observed,s11a_decennial_oh_pl,high,real,verified,Enumerated housing units; not households or occupied units.
OBS-MUNI-3968686-DENS20,population_density,1217.4877854100187,persons_per_square_mile,2020,2021,2020-04-01 enumeration and 2020 geography,1600000US3968686,place,MUNI-3968686,2020 Decennial Census P.L. 94-171 plus Census geography area,observed,s11a_decennial_oh_pl,high,real,verified,Density is a derived ratio and is not a block-level observation.
OBS-MUNI-3968686-ACSP,population_count,6323.0,persons,2024,2025,2020-2024,1600000US3968686,place,MUNI-3968686,ACS 2024 5-year detailed tables,estimated,s11a_acs_2024_5yr,high,real,verified,ACS estimate; not an enumerated 2026 count.
OBS-MUNI-3968686-HH,household_count,2759.0,households,2024,2025,2020-2024,1600000US3968686,place,MUNI-3968686,ACS 2024 5-year detailed tables,estimated,s11a_acs_2024_5yr,high,real,verified,Households are not persons or housing units.
OBS-MUNI-3968686-HUACS,housing_unit_count,2940.0,housing_units,2024,2025,2020-2024,1600000US3968686,place,MUNI-3968686,ACS 2024 5-year detailed tables,estimated,s11a_acs_2024_5yr,high,real,verified,ACS housing-unit estimate; distinct from 2020 enumeration.
OBS-MUNI-3968686-OCC,occupied_housing_units,2759.0,housing_units,2024,2025,2020-2024,1600000US3968686,place,MUNI-3968686,ACS 2024 5-year detailed tables,estimated,s11a_acs_2024_5yr,high,real,verified,Occupied unit estimate; not a utility connection or household welfare measure.
OBS-MUNI-3968686-VAC,vacant_housing_units,181.0,housing_units,2024,2025,2020-2024,1600000US3968686,place,MUNI-3968686,ACS 2024 5-year detailed tables,estimated,s11a_acs_2024_5yr,high,real,verified,Vacancy is descriptive housing context; no reason for vacancy is inferred.
OBS-MUNI-3968686-VACSH,vacancy_rate,6.156462585034014,percent,2024,2025,2020-2024,1600000US3968686,place,MUNI-3968686,ACS 2024 5-year detailed tables,estimated,s11a_acs_2024_5yr,high,real,verified,Vacancy rate is not a neighborhood-quality or vulnerability score.
OBS-MUNI-3968686-MEDAGE,median_age,40.6,years,2024,2025,2020-2024,1600000US3968686,place,MUNI-3968686,ACS 2024 5-year detailed tables,estimated,s11a_acs_2024_5yr,moderate,real,verified,Descriptive aggregate age context only.
OBS-MUNI-3968686-UNDER18,age_under_18_share,17.776371975328168,percent,2024,2025,2020-2024,1600000US3968686,place,MUNI-3968686,ACS 2024 5-year detailed tables,estimated,s11a_acs_2024_5yr,moderate,real,verified,Descriptive aggregate age structure; no vulnerability ranking.
OBS-MUNI-3968686-AGE65,age_65_plus_share,15.815277558121146,percent,2024,2025,2020-2024,1600000US3968686,place,MUNI-3968686,ACS 2024 5-year detailed tables,estimated,s11a_acs_2024_5yr,moderate,real,verified,Descriptive aggregate age structure; no vulnerability ranking.
OBS-MUNI-3968686-HHSIZE,average_household_size,2.29,persons_per_household,2024,2025,2020-2024,1600000US3968686,place,MUNI-3968686,ACS 2024 5-year detailed tables,estimated,s11a_acs_2024_5yr,moderate,real,verified,Aggregate household-size estimate; no household-level inference.
OBS-MUNI-3968686-HOUSAGE,median_year_structure_built,1971.0,year,2024,2025,2020-2024,1600000US3968686,place,MUNI-3968686,ACS 2024 5-year detailed tables,estimated,s11a_acs_2024_5yr,moderate,real,verified,Descriptive housing-age context; not a condition or maintenance score.
OBS-MUNI-3976022-POP20,population_count,19011.0,persons,2020,2021,2020-04-01 enumeration,1600000US3976022,place,MUNI-3976022,2020 Decennial Census P.L. 94-171 P1,observed,s11a_decennial_oh_pl,high,real,verified,Enumerated 2020 person count.
OBS-MUNI-3976022-HU20,housing_unit_count,8191.0,housing_units,2020,2021,2020-04-01 enumeration,1600000US3976022,place,MUNI-3976022,2020 Decennial Census P.L. 94-171 H1/geography,observed,s11a_decennial_oh_pl,high,real,verified,Enumerated housing units; not households or occupied units.
OBS-MUNI-3976022-DENS20,population_density,2863.062129975724,persons_per_square_mile,2020,2021,2020-04-01 enumeration and 2020 geography,1600000US3976022,place,MUNI-3976022,2020 Decennial Census P.L. 94-171 plus Census geography area,observed,s11a_decennial_oh_pl,high,real,verified,Density is a derived ratio and is not a block-level observation.
OBS-MUNI-3976022-ACSP,population_count,19055.0,persons,2024,2025,2020-2024,1600000US3976022,place,MUNI-3976022,ACS 2024 5-year detailed tables,estimated,s11a_acs_2024_5yr,high,real,verified,ACS estimate; not an enumerated 2026 count.
OBS-MUNI-3976022-HH,household_count,7512.0,households,2024,2025,2020-2024,1600000US3976022,place,MUNI-3976022,ACS 2024 5-year detailed tables,estimated,s11a_acs_2024_5yr,high,real,verified,Households are not persons or housing units.
OBS-MUNI-3976022-HUACS,housing_unit_count,8008.0,housing_units,2024,2025,2020-2024,1600000US3976022,place,MUNI-3976022,ACS 2024 5-year detailed tables,estimated,s11a_acs_2024_5yr,high,real,verified,ACS housing-unit estimate; distinct from 2020 enumeration.
OBS-MUNI-3976022-OCC,occupied_housing_units,7512.0,housing_units,2024,2025,2020-2024,1600000US3976022,place,MUNI-3976022,ACS 2024 5-year detailed tables,estimated,s11a_acs_2024_5yr,high,real,verified,Occupied unit estimate; not a utility connection or household welfare measure.
OBS-MUNI-3976022-VAC,vacant_housing_units,496.0,housing_units,2024,2025,2020-2024,1600000US3976022,place,MUNI-3976022,ACS 2024 5-year detailed tables,estimated,s11a_acs_2024_5yr,high,real,verified,Vacancy is descriptive housing context; no reason for vacancy is inferred.
OBS-MUNI-3976022-VACSH,vacancy_rate,6.193806193806194,percent,2024,2025,2020-2024,1600000US3976022,place,MUNI-3976022,ACS 2024 5-year detailed tables,estimated,s11a_acs_2024_5yr,high,real,verified,Vacancy rate is not a neighborhood-quality or vulnerability score.
OBS-MUNI-3976022-MEDAGE,median_age,40.1,years,2024,2025,2020-2024,1600000US3976022,place,MUNI-3976022,ACS 2024 5-year detailed tables,estimated,s11a_acs_2024_5yr,moderate,real,verified,Descriptive aggregate age context only.
OBS-MUNI-3976022-UNDER18,age_under_18_share,25.636315927578064,percent,2024,2025,2020-2024,1600000US3976022,place,MUNI-3976022,ACS 2024 5-year detailed tables,estimated,s11a_acs_2024_5yr,moderate,real,verified,Descriptive aggregate age structure; no vulnerability ranking.
OBS-MUNI-3976022-AGE65,age_65_plus_share,20.697979532930987,percent,2024,2025,2020-2024,1600000US3976022,place,MUNI-3976022,ACS 2024 5-year detailed tables,estimated,s11a_acs_2024_5yr,moderate,real,verified,Descriptive aggregate age structure; no vulnerability ranking.
OBS-MUNI-3976022-HHSIZE,average_household_size,2.46,persons_per_household,2024,2025,2020-2024,1600000US3976022,place,MUNI-3976022,ACS 2024 5-year detailed tables,estimated,s11a_acs_2024_5yr,moderate,real,verified,Aggregate household-size estimate; no household-level inference.
OBS-MUNI-3976022-HOUSAGE,median_year_structure_built,1975.0,year,2024,2025,2020-2024,1600000US3976022,place,MUNI-3976022,ACS 2024 5-year detailed tables,estimated,s11a_acs_2024_5yr,moderate,real,verified,Descriptive housing-age context; not a condition or maintenance score.
OBS-MUNI-3976778-POP20,population_count,17953.0,persons,2020,2021,2020-04-01 enumeration,1600000US3976778,place,MUNI-3976778,2020 Decennial Census P.L. 94-171 P1,observed,s11a_decennial_oh_pl,high,real,verified,Enumerated 2020 person count.
OBS-MUNI-3976778-HU20,housing_unit_count,8127.0,housing_units,2020,2021,2020-04-01 enumeration,1600000US3976778,place,MUNI-3976778,2020 Decennial Census P.L. 94-171 H1/geography,observed,s11a_decennial_oh_pl,high,real,verified,Enumerated housing units; not households or occupied units.
OBS-MUNI-3976778-DENS20,population_density,2613.970742253242,persons_per_square_mile,2020,2021,2020-04-01 enumeration and 2020 geography,1600000US3976778,place,MUNI-3976778,2020 Decennial Census P.L. 94-171 plus Census geography area,observed,s11a_decennial_oh_pl,high,real,verified,Density is a derived ratio and is not a block-level observation.
OBS-MUNI-3976778-ACSP,population_count,17818.0,persons,2024,2025,2020-2024,1600000US3976778,place,MUNI-3976778,ACS 2024 5-year detailed tables,estimated,s11a_acs_2024_5yr,high,real,verified,ACS estimate; not an enumerated 2026 count.
OBS-MUNI-3976778-HH,household_count,7548.0,households,2024,2025,2020-2024,1600000US3976778,place,MUNI-3976778,ACS 2024 5-year detailed tables,estimated,s11a_acs_2024_5yr,high,real,verified,Households are not persons or housing units.
OBS-MUNI-3976778-HUACS,housing_unit_count,8130.0,housing_units,2024,2025,2020-2024,1600000US3976778,place,MUNI-3976778,ACS 2024 5-year detailed tables,estimated,s11a_acs_2024_5yr,high,real,verified,ACS housing-unit estimate; distinct from 2020 enumeration.
OBS-MUNI-3976778-OCC,occupied_housing_units,7548.0,housing_units,2024,2025,2020-2024,1600000US3976778,place,MUNI-3976778,ACS 2024 5-year detailed tables,estimated,s11a_acs_2024_5yr,high,real,verified,Occupied unit estimate; not a utility connection or household welfare measure.
OBS-MUNI-3976778-VAC,vacant_housing_units,582.0,housing_units,2024,2025,2020-2024,1600000US3976778,place,MUNI-3976778,ACS 2024 5-year detailed tables,estimated,s11a_acs_2024_5yr,high,real,verified,Vacancy is descriptive housing context; no reason for vacancy is inferred.
OBS-MUNI-3976778-VACSH,vacancy_rate,7.158671586715867,percent,2024,2025,2020-2024,1600000US3976778,place,MUNI-3976778,ACS 2024 5-year detailed tables,estimated,s11a_acs_2024_5yr,high,real,verified,Vacancy rate is not a neighborhood-quality or vulnerability score.
OBS-MUNI-3976778-MEDAGE,median_age,34.1,years,2024,2025,2020-2024,1600000US3976778,place,MUNI-3976778,ACS 2024 5-year detailed tables,estimated,s11a_acs_2024_5yr,moderate,real,verified,Descriptive aggregate age context only.
OBS-MUNI-3976778-UNDER18,age_under_18_share,18.161409810304185,percent,2024,2025,2020-2024,1600000US3976778,place,MUNI-3976778,ACS 2024 5-year detailed tables,estimated,s11a_acs_2024_5yr,moderate,real,verified,Descriptive aggregate age structure; no vulnerability ranking.
OBS-MUNI-3976778-AGE65,age_65_plus_share,17.93130542148389,percent,2024,2025,2020-2024,1600000US3976778,place,MUNI-3976778,ACS 2024 5-year detailed tables,estimated,s11a_acs_2024_5yr,moderate,real,verified,Descriptive aggregate age structure; no vulnerability ranking.
OBS-MUNI-3976778-HHSIZE,average_household_size,2.1,persons_per_household,2024,2025,2020-2024,1600000US3976778,place,MUNI-3976778,ACS 2024 5-year detailed tables,estimated,s11a_acs_2024_5yr,moderate,real,verified,Aggregate household-size estimate; no household-level inference.
OBS-MUNI-3976778-HOUSAGE,median_year_structure_built,1956.0,year,2024,2025,2020-2024,1600000US3976778,place,MUNI-3976778,ACS 2024 5-year detailed tables,estimated,s11a_acs_2024_5yr,moderate,real,verified,Descriptive housing-age context; not a condition or maintenance score.
OBS-MUNI-3977000-POP20,population_count,270871.0,persons,2020,2021,2020-04-01 enumeration,1600000US3977000,place,MUNI-3977000,2020 Decennial Census P.L. 94-171 P1,observed,s11a_decennial_oh_pl,high,real,verified,Enumerated 2020 person count.
OBS-MUNI-3977000-HU20,housing_unit_count,132054.0,housing_units,2020,2021,2020-04-01 enumeration,1600000US3977000,place,MUNI-3977000,2020 Decennial Census P.L. 94-171 H1/geography,observed,s11a_decennial_oh_pl,high,real,verified,Enumerated housing units; not households or occupied units.
OBS-MUNI-3977000-DENS20,population_density,3365.366205470968,persons_per_square_mile,2020,2021,2020-04-01 enumeration and 2020 geography,1600000US3977000,place,MUNI-3977000,2020 Decennial Census P.L. 94-171 plus Census geography area,observed,s11a_decennial_oh_pl,high,real,verified,Density is a derived ratio and is not a block-level observation.
OBS-MUNI-3977000-ACSP,population_count,267463.0,persons,2024,2025,2020-2024,1600000US3977000,place,MUNI-3977000,ACS 2024 5-year detailed tables,estimated,s11a_acs_2024_5yr,high,real,verified,ACS estimate; not an enumerated 2026 count.
OBS-MUNI-3977000-HH,household_count,118662.0,households,2024,2025,2020-2024,1600000US3977000,place,MUNI-3977000,ACS 2024 5-year detailed tables,estimated,s11a_acs_2024_5yr,high,real,verified,Households are not persons or housing units.
OBS-MUNI-3977000-HUACS,housing_unit_count,132728.0,housing_units,2024,2025,2020-2024,1600000US3977000,place,MUNI-3977000,ACS 2024 5-year detailed tables,estimated,s11a_acs_2024_5yr,high,real,verified,ACS housing-unit estimate; distinct from 2020 enumeration.
OBS-MUNI-3977000-OCC,occupied_housing_units,118662.0,housing_units,2024,2025,2020-2024,1600000US3977000,place,MUNI-3977000,ACS 2024 5-year detailed tables,estimated,s11a_acs_2024_5yr,high,real,verified,Occupied unit estimate; not a utility connection or household welfare measure.
OBS-MUNI-3977000-VAC,vacant_housing_units,14066.0,housing_units,2024,2025,2020-2024,1600000US3977000,place,MUNI-3977000,ACS 2024 5-year detailed tables,estimated,s11a_acs_2024_5yr,high,real,verified,Vacancy is descriptive housing context; no reason for vacancy is inferred.
OBS-MUNI-3977000-VACSH,vacancy_rate,10.597613163763487,percent,2024,2025,2020-2024,1600000US3977000,place,MUNI-3977000,ACS 2024 5-year detailed tables,estimated,s11a_acs_2024_5yr,high,real,verified,Vacancy rate is not a neighborhood-quality or vulnerability score.
OBS-MUNI-3977000-MEDAGE,median_age,35.8,years,2024,2025,2020-2024,1600000US3977000,place,MUNI-3977000,ACS 2024 5-year detailed tables,estimated,s11a_acs_2024_5yr,moderate,real,verified,Descriptive aggregate age context only.
OBS-MUNI-3977000-UNDER18,age_under_18_share,22.849515633938154,percent,2024,2025,2020-2024,1600000US3977000,place,MUNI-3977000,ACS 2024 5-year detailed tables,estimated,s11a_acs_2024_5yr,moderate,real,verified,Descriptive aggregate age structure; no vulnerability ranking.
OBS-MUNI-3977000-AGE65,age_65_plus_share,15.646276307377093,percent,2024,2025,2020-2024,1600000US3977000,place,MUNI-3977000,ACS 2024 5-year detailed tables,estimated,s11a_acs_2024_5yr,moderate,real,verified,Descriptive aggregate age structure; no vulnerability ranking.
OBS-MUNI-3977000-HHSIZE,average_household_size,2.21,persons_per_household,2024,2025,2020-2024,1600000US3977000,place,MUNI-3977000,ACS 2024 5-year detailed tables,estimated,s11a_acs_2024_5yr,moderate,real,verified,Aggregate household-size estimate; no household-level inference.
OBS-MUNI-3977000-HOUSAGE,median_year_structure_built,1955.0,year,2024,2025,2020-2024,1600000US3977000,place,MUNI-3977000,ACS 2024 5-year detailed tables,estimated,s11a_acs_2024_5yr,moderate,real,verified,Descriptive housing-age context; not a condition or maintenance score.
OBS-MUNI-3979562-POP20,population_count,11092.0,persons,2020,2021,2020-04-01 enumeration,1600000US3979562,place,MUNI-3979562,2020 Decennial Census P.L. 94-171 P1,observed,s11a_decennial_oh_pl,high,real,verified,Enumerated 2020 person count.
OBS-MUNI-3979562-HU20,housing_unit_count,5080.0,housing_units,2020,2021,2020-04-01 enumeration,1600000US3979562,place,MUNI-3979562,2020 Decennial Census P.L. 94-171 H1/geography,observed,s11a_decennial_oh_pl,high,real,verified,Enumerated housing units; not households or occupied units.
OBS-MUNI-3979562-DENS20,population_density,1477.6211409753737,persons_per_square_mile,2020,2021,2020-04-01 enumeration and 2020 geography,1600000US3979562,place,MUNI-3979562,2020 Decennial Census P.L. 94-171 plus Census geography area,observed,s11a_decennial_oh_pl,high,real,verified,Density is a derived ratio and is not a block-level observation.
OBS-MUNI-3979562-ACSP,population_count,10790.0,persons,2024,2025,2020-2024,1600000US3979562,place,MUNI-3979562,ACS 2024 5-year detailed tables,estimated,s11a_acs_2024_5yr,high,real,verified,ACS estimate; not an enumerated 2026 count.
OBS-MUNI-3979562-HH,household_count,4507.0,households,2024,2025,2020-2024,1600000US3979562,place,MUNI-3979562,ACS 2024 5-year detailed tables,estimated,s11a_acs_2024_5yr,high,real,verified,Households are not persons or housing units.
OBS-MUNI-3979562-HUACS,housing_unit_count,4949.0,housing_units,2024,2025,2020-2024,1600000US3979562,place,MUNI-3979562,ACS 2024 5-year detailed tables,estimated,s11a_acs_2024_5yr,high,real,verified,ACS housing-unit estimate; distinct from 2020 enumeration.
OBS-MUNI-3979562-OCC,occupied_housing_units,4507.0,housing_units,2024,2025,2020-2024,1600000US3979562,place,MUNI-3979562,ACS 2024 5-year detailed tables,estimated,s11a_acs_2024_5yr,high,real,verified,Occupied unit estimate; not a utility connection or household welfare measure.
OBS-MUNI-3979562-VAC,vacant_housing_units,442.0,housing_units,2024,2025,2020-2024,1600000US3979562,place,MUNI-3979562,ACS 2024 5-year detailed tables,estimated,s11a_acs_2024_5yr,high,real,verified,Vacancy is descriptive housing context; no reason for vacancy is inferred.
OBS-MUNI-3979562-VACSH,vacancy_rate,8.931097191351789,percent,2024,2025,2020-2024,1600000US3979562,place,MUNI-3979562,ACS 2024 5-year detailed tables,estimated,s11a_acs_2024_5yr,high,real,verified,Vacancy rate is not a neighborhood-quality or vulnerability score.
OBS-MUNI-3979562-MEDAGE,median_age,41.2,years,2024,2025,2020-2024,1600000US3979562,place,MUNI-3979562,ACS 2024 5-year detailed tables,estimated,s11a_acs_2024_5yr,moderate,real,verified,Descriptive aggregate age context only.
OBS-MUNI-3979562-UNDER18,age_under_18_share,22.72474513438369,percent,2024,2025,2020-2024,1600000US3979562,place,MUNI-3979562,ACS 2024 5-year detailed tables,estimated,s11a_acs_2024_5yr,moderate,real,verified,Descriptive aggregate age structure; no vulnerability ranking.
OBS-MUNI-3979562-AGE65,age_65_plus_share,19.11028730305839,percent,2024,2025,2020-2024,1600000US3979562,place,MUNI-3979562,ACS 2024 5-year detailed tables,estimated,s11a_acs_2024_5yr,moderate,real,verified,Descriptive aggregate age structure; no vulnerability ranking.
OBS-MUNI-3979562-HHSIZE,average_household_size,2.33,persons_per_household,2024,2025,2020-2024,1600000US3979562,place,MUNI-3979562,ACS 2024 5-year detailed tables,estimated,s11a_acs_2024_5yr,moderate,real,verified,Aggregate household-size estimate; no household-level inference.
OBS-MUNI-3979562-HOUSAGE,median_year_structure_built,1956.0,year,2024,2025,2020-2024,1600000US3979562,place,MUNI-3979562,ACS 2024 5-year detailed tables,estimated,s11a_acs_2024_5yr,moderate,real,verified,Descriptive housing-age context; not a condition or maintenance score.
OBS-MUNI-3981858-POP20,population_count,6003.0,persons,2020,2021,2020-04-01 enumeration,1600000US3981858,place,MUNI-3981858,2020 Decennial Census P.L. 94-171 P1,observed,s11a_decennial_oh_pl,high,real,verified,Enumerated 2020 person count.
OBS-MUNI-3981858-HU20,housing_unit_count,2486.0,housing_units,2020,2021,2020-04-01 enumeration,1600000US3981858,place,MUNI-3981858,2020 Decennial Census P.L. 94-171 H1/geography,observed,s11a_decennial_oh_pl,high,real,verified,Enumerated housing units; not households or occupied units.
OBS-MUNI-3981858-DENS20,population_density,1161.790332559365,persons_per_square_mile,2020,2021,2020-04-01 enumeration and 2020 geography,1600000US3981858,place,MUNI-3981858,2020 Decennial Census P.L. 94-171 plus Census geography area,observed,s11a_decennial_oh_pl,high,real,verified,Density is a derived ratio and is not a block-level observation.
OBS-MUNI-3981858-ACSP,population_count,6017.0,persons,2024,2025,2020-2024,1600000US3981858,place,MUNI-3981858,ACS 2024 5-year detailed tables,estimated,s11a_acs_2024_5yr,high,real,verified,ACS estimate; not an enumerated 2026 count.
OBS-MUNI-3981858-HH,household_count,2418.0,households,2024,2025,2020-2024,1600000US3981858,place,MUNI-3981858,ACS 2024 5-year detailed tables,estimated,s11a_acs_2024_5yr,high,real,verified,Households are not persons or housing units.
OBS-MUNI-3981858-HUACS,housing_unit_count,2563.0,housing_units,2024,2025,2020-2024,1600000US3981858,place,MUNI-3981858,ACS 2024 5-year detailed tables,estimated,s11a_acs_2024_5yr,high,real,verified,ACS housing-unit estimate; distinct from 2020 enumeration.
OBS-MUNI-3981858-OCC,occupied_housing_units,2418.0,housing_units,2024,2025,2020-2024,1600000US3981858,place,MUNI-3981858,ACS 2024 5-year detailed tables,estimated,s11a_acs_2024_5yr,high,real,verified,Occupied unit estimate; not a utility connection or household welfare measure.
OBS-MUNI-3981858-VAC,vacant_housing_units,145.0,housing_units,2024,2025,2020-2024,1600000US3981858,place,MUNI-3981858,ACS 2024 5-year detailed tables,estimated,s11a_acs_2024_5yr,high,real,verified,Vacancy is descriptive housing context; no reason for vacancy is inferred.
OBS-MUNI-3981858-VACSH,vacancy_rate,5.657432696059306,percent,2024,2025,2020-2024,1600000US3981858,place,MUNI-3981858,ACS 2024 5-year detailed tables,estimated,s11a_acs_2024_5yr,high,real,verified,Vacancy rate is not a neighborhood-quality or vulnerability score.
OBS-MUNI-3981858-MEDAGE,median_age,41.3,years,2024,2025,2020-2024,1600000US3981858,place,MUNI-3981858,ACS 2024 5-year detailed tables,estimated,s11a_acs_2024_5yr,moderate,real,verified,Descriptive aggregate age context only.
OBS-MUNI-3981858-UNDER18,age_under_18_share,25.760345687219544,percent,2024,2025,2020-2024,1600000US3981858,place,MUNI-3981858,ACS 2024 5-year detailed tables,estimated,s11a_acs_2024_5yr,moderate,real,verified,Descriptive aggregate age structure; no vulnerability ranking.
OBS-MUNI-3981858-AGE65,age_65_plus_share,19.528003988698686,percent,2024,2025,2020-2024,1600000US3981858,place,MUNI-3981858,ACS 2024 5-year detailed tables,estimated,s11a_acs_2024_5yr,moderate,real,verified,Descriptive aggregate age structure; no vulnerability ranking.
OBS-MUNI-3981858-HHSIZE,average_household_size,2.43,persons_per_household,2024,2025,2020-2024,1600000US3981858,place,MUNI-3981858,ACS 2024 5-year detailed tables,estimated,s11a_acs_2024_5yr,moderate,real,verified,Aggregate household-size estimate; no household-level inference.
OBS-MUNI-3981858-HOUSAGE,median_year_structure_built,1992.0,year,2024,2025,2020-2024,1600000US3981858,place,MUNI-3981858,ACS 2024 5-year detailed tables,estimated,s11a_acs_2024_5yr,moderate,real,verified,Descriptive housing-age context; not a condition or maintenance score.
OBS-MUNI-3981928-POP20,population_count,7568.0,persons,2020,2021,2020-04-01 enumeration,1600000US3981928,place,MUNI-3981928,2020 Decennial Census P.L. 94-171 P1,observed,s11a_decennial_oh_pl,high,real,verified,Enumerated 2020 person count.
OBS-MUNI-3981928-HU20,housing_unit_count,3184.0,housing_units,2020,2021,2020-04-01 enumeration,1600000US3981928,place,MUNI-3981928,2020 Decennial Census P.L. 94-171 H1/geography,observed,s11a_decennial_oh_pl,high,real,verified,Enumerated housing units; not households or occupied units.
OBS-MUNI-3981928-DENS20,population_density,1422.6322524138732,persons_per_square_mile,2020,2021,2020-04-01 enumeration and 2020 geography,1600000US3981928,place,MUNI-3981928,2020 Decennial Census P.L. 94-171 plus Census geography area,observed,s11a_decennial_oh_pl,high,real,verified,Density is a derived ratio and is not a block-level observation.
OBS-MUNI-3981928-ACSP,population_count,7505.0,persons,2024,2025,2020-2024,1600000US3981928,place,MUNI-3981928,ACS 2024 5-year detailed tables,estimated,s11a_acs_2024_5yr,high,real,verified,ACS estimate; not an enumerated 2026 count.
OBS-MUNI-3981928-HH,household_count,3056.0,households,2024,2025,2020-2024,1600000US3981928,place,MUNI-3981928,ACS 2024 5-year detailed tables,estimated,s11a_acs_2024_5yr,high,real,verified,Households are not persons or housing units.
OBS-MUNI-3981928-HUACS,housing_unit_count,3135.0,housing_units,2024,2025,2020-2024,1600000US3981928,place,MUNI-3981928,ACS 2024 5-year detailed tables,estimated,s11a_acs_2024_5yr,high,real,verified,ACS housing-unit estimate; distinct from 2020 enumeration.
OBS-MUNI-3981928-OCC,occupied_housing_units,3056.0,housing_units,2024,2025,2020-2024,1600000US3981928,place,MUNI-3981928,ACS 2024 5-year detailed tables,estimated,s11a_acs_2024_5yr,high,real,verified,Occupied unit estimate; not a utility connection or household welfare measure.
OBS-MUNI-3981928-VAC,vacant_housing_units,79.0,housing_units,2024,2025,2020-2024,1600000US3981928,place,MUNI-3981928,ACS 2024 5-year detailed tables,estimated,s11a_acs_2024_5yr,high,real,verified,Vacancy is descriptive housing context; no reason for vacancy is inferred.
OBS-MUNI-3981928-VACSH,vacancy_rate,2.5199362041467306,percent,2024,2025,2020-2024,1600000US3981928,place,MUNI-3981928,ACS 2024 5-year detailed tables,estimated,s11a_acs_2024_5yr,high,real,verified,Vacancy rate is not a neighborhood-quality or vulnerability score.
OBS-MUNI-3981928-MEDAGE,median_age,38.3,years,2024,2025,2020-2024,1600000US3981928,place,MUNI-3981928,ACS 2024 5-year detailed tables,estimated,s11a_acs_2024_5yr,moderate,real,verified,Descriptive aggregate age context only.
OBS-MUNI-3981928-UNDER18,age_under_18_share,28.301132578281145,percent,2024,2025,2020-2024,1600000US3981928,place,MUNI-3981928,ACS 2024 5-year detailed tables,estimated,s11a_acs_2024_5yr,moderate,real,verified,Descriptive aggregate age structure; no vulnerability ranking.
OBS-MUNI-3981928-AGE65,age_65_plus_share,15.57628247834777,percent,2024,2025,2020-2024,1600000US3981928,place,MUNI-3981928,ACS 2024 5-year detailed tables,estimated,s11a_acs_2024_5yr,moderate,real,verified,Descriptive aggregate age structure; no vulnerability ranking.
OBS-MUNI-3981928-HHSIZE,average_household_size,2.42,persons_per_household,2024,2025,2020-2024,1600000US3981928,place,MUNI-3981928,ACS 2024 5-year detailed tables,estimated,s11a_acs_2024_5yr,moderate,real,verified,Aggregate household-size estimate; no household-level inference.
OBS-MUNI-3981928-HOUSAGE,median_year_structure_built,1972.0,year,2024,2025,2020-2024,1600000US3981928,place,MUNI-3981928,ACS 2024 5-year detailed tables,estimated,s11a_acs_2024_5yr,moderate,real,verified,Descriptive housing-age context; not a condition or maintenance score.
OBS-EMP-18003-JOBS,job_count,204663.0,jobs,2023,2025,2023,18003,county,EMP-18003,LODES 8.4 WAC 2023,modeled,s11b_lodes_in_wac,high,real,verified,"Workplace jobs are not resident persons, households, or commuter flows."
OBS-EMP-39095-JOBS,job_count,202605.0,jobs,2023,2025,2023,39095,county,EMP-39095,LODES 8.4 WAC 2023,modeled,s11b_lodes_oh_wac,high,real,verified,"Workplace jobs are not resident persons, households, or commuter flows."
OBS-EMP-39173-JOBS,job_count,73615.0,jobs,2023,2025,2023,39173,county,EMP-39173,LODES 8.4 WAC 2023,modeled,s11b_lodes_oh_wac,high,real,verified,"Workplace jobs are not resident persons, households, or commuter flows."
OBS-EMP-39063-JOBS,job_count,44531.0,jobs,2023,2025,2023,39063,county,EMP-39063,LODES 8.4 WAC 2023,modeled,s11b_lodes_oh_wac,high,real,verified,"Workplace jobs are not resident persons, households, or commuter flows."
OBS-EMP-26115-JOBS,job_count,38727.0,jobs,2021,2025,2021,26115,county,EMP-26115,LODES 8.4 WAC 2021,modeled,s11b_lodes_mi_wac,high,real,verified,"Workplace jobs are not resident persons, households, or commuter flows."
OBS-EMP-39143-JOBS,job_count,26036.0,jobs,2023,2025,2023,39143,county,EMP-39143,LODES 8.4 WAC 2023,modeled,s11b_lodes_oh_wac,high,real,verified,"Workplace jobs are not resident persons, households, or commuter flows."
OBS-EMP-26091-JOBS,job_count,24864.0,jobs,2021,2025,2021,26091,county,EMP-26091,LODES 8.4 WAC 2021,modeled,s11b_lodes_mi_wac,high,real,verified,"Workplace jobs are not resident persons, households, or commuter flows."
OBS-EMP-18033-JOBS,job_count,21740.0,jobs,2023,2025,2023,18033,county,EMP-18033,LODES 8.4 WAC 2023,modeled,s11b_lodes_in_wac,high,real,verified,"Workplace jobs are not resident persons, households, or commuter flows."
OBS-EMP-39147-JOBS,job_count,18247.0,jobs,2023,2025,2023,39147,county,EMP-39147,LODES 8.4 WAC 2023,modeled,s11b_lodes_oh_wac,high,real,verified,"Workplace jobs are not resident persons, households, or commuter flows."
OBS-EMP-39051-JOBS,job_count,17586.0,jobs,2023,2025,2023,39051,county,EMP-39051,LODES 8.4 WAC 2023,modeled,s11b_lodes_oh_wac,high,real,verified,"Workplace jobs are not resident persons, households, or commuter flows."
